0 0.623535 0.737793 0.004883 0.004883
0 0.226074 0.724609 0.004883 0.005859
0 0.640625 0.701172 0.003906 0.003906
0 0.196289 0.658203 0.003906 0.007812
0 0.625488 0.535645 0.004883 0.004883
0 0.714355 0.518555 0.004883 0.003906
0 0.694824 0.498535 0.004883 0.004883
0 0.744629 0.433594 0.004883 0.003906
0 0.606445 0.402344 0.003906 0.003906
0 0.417480 0.342773 0.004883 0.003906
0 0.407227 0.258789 0.003906 0.003906
0 0.500977 0.249512 0.005859 0.004883
0 0.433105 0.188477 0.004883 0.003906
1 0.466797 0.715332 0.009766 0.010742
1 0.344727 0.246582 0.011719 0.014648
1 0.431152 0.179688 0.006836 0.007812
2 0.611816 0.408203 0.008789 0.005859
2 0.592773 0.405273 0.009766 0.009766
2 0.531738 0.242676 0.004883 0.004883
2 0.541504 0.236328 0.006836 0.007812
2 0.528809 0.222168 0.010742 0.006836
2 0.541504 0.214355 0.004883 0.004883
2 0.520020 0.211426 0.004883 0.006836
2 0.507812 0.209473 0.013672 0.012695
2 0.520996 0.202148 0.004883 0.005859
2 0.553223 0.177734 0.006836 0.009766
2 0.526855 0.176270 0.004883 0.006836
2 0.532227 0.171387 0.003906 0.004883
4 0.254883 0.452637 0.134766 0.143555