0 0.361328 0.816895 0.005859 0.006836
0 0.614258 0.814941 0.005859 0.006836
0 0.620605 0.802734 0.004883 0.003906
0 0.637207 0.791992 0.006836 0.003906
0 0.273926 0.786133 0.004883 0.003906
0 0.265137 0.759766 0.004883 0.005859
0 0.217285 0.735352 0.004883 0.005859
0 0.239746 0.727539 0.004883 0.003906
0 0.153809 0.712891 0.006836 0.005859
0 0.431641 0.707520 0.003906 0.004883
0 0.719238 0.690918 0.004883 0.004883
0 0.650391 0.680664 0.003906 0.003906
0 0.506348 0.675781 0.006836 0.005859
0 0.113770 0.658691 0.004883 0.004883
0 0.119629 0.649902 0.004883 0.004883
0 0.564941 0.641113 0.004883 0.006836
0 0.139648 0.621582 0.005859 0.006836
0 0.132812 0.619141 0.003906 0.003906
0 0.413086 0.584961 0.003906 0.003906
0 0.242676 0.584961 0.004883 0.007812
0 0.720703 0.579102 0.003906 0.003906
0 0.324219 0.564453 0.007812 0.007812
0 0.586426 0.552246 0.008789 0.006836
0 0.436523 0.515137 0.003906 0.004883
0 0.149902 0.508301 0.004883 0.006836
0 0.446289 0.505371 0.003906 0.004883
0 0.285645 0.495117 0.004883 0.005859
0 0.115234 0.493652 0.003906 0.004883
0 0.139648 0.489746 0.003906 0.004883
0 0.568359 0.470703 0.007812 0.005859
0 0.185547 0.442871 0.003906 0.004883
0 0.108887 0.425293 0.004883 0.004883
0 0.437988 0.424316 0.004883 0.004883
0 0.258301 0.416992 0.004883 0.005859
0 0.199219 0.380371 0.005859 0.004883
0 0.765625 0.377441 0.005859 0.004883
0 0.229004 0.361816 0.004883 0.004883
0 0.150879 0.357910 0.006836 0.006836
0 0.276855 0.301270 0.004883 0.004883
0 0.167480 0.288574 0.004883 0.004883
0 0.787598 0.278809 0.004883 0.004883
0 0.521973 0.261230 0.006836 0.006836
0 0.266113 0.250000 0.006836 0.007812
0 0.696777 0.248535 0.004883 0.006836
0 0.664551 0.225586 0.004883 0.003906
0 0.331055 0.226074 0.005859 0.004883
0 0.240234 0.225098 0.003906 0.004883
0 0.188477 0.217773 0.007812 0.007812
0 0.696777 0.210449 0.004883 0.004883
0 0.389648 0.208008 0.003906 0.003906
0 0.489258 0.170898 0.005859 0.005859
1 0.619629 0.825684 0.010742 0.004883
1 0.262207 0.746094 0.006836 0.007812
1 0.175293 0.708008 0.008789 0.011719
1 0.794922 0.699219 0.007812 0.011719
1 0.142578 0.702148 0.021484 0.019531
1 0.184082 0.689453 0.010742 0.005859
1 0.146484 0.684082 0.025391 0.014648
1 0.123047 0.676270 0.009766 0.010742
1 0.246094 0.668457 0.011719 0.010742
1 0.140625 0.669434 0.021484 0.016602
1 0.296875 0.664062 0.009766 0.009766
1 0.105957 0.644043 0.008789 0.008789
1 0.146484 0.587402 0.005859 0.012695
1 0.342773 0.573242 0.009766 0.011719
1 0.842285 0.574707 0.012695 0.024414
1 0.276855 0.565918 0.008789 0.018555
1 0.264648 0.549805 0.007812 0.005859
1 0.243652 0.545410 0.010742 0.012695
1 0.168457 0.527344 0.010742 0.005859
1 0.213379 0.520508 0.004883 0.003906
1 0.123047 0.502930 0.007812 0.007812
1 0.436523 0.500977 0.009766 0.005859
1 0.275391 0.501465 0.007812 0.008789
1 0.216309 0.499023 0.016602 0.011719
1 0.185059 0.497070 0.014648 0.015625
1 0.454102 0.490234 0.011719 0.007812
1 0.126465 0.484863 0.008789 0.008789
1 0.410645 0.481445 0.018555 0.015625
1 0.188477 0.476562 0.007812 0.005859
1 0.141113 0.475586 0.008789 0.009766
1 0.442383 0.470703 0.013672 0.013672
1 0.070801 0.463867 0.004883 0.011719
1 0.206055 0.460938 0.027344 0.019531
1 0.418457 0.452637 0.022461 0.022461
1 0.326660 0.429688 0.006836 0.007812
1 0.359863 0.421875 0.016602 0.013672
1 0.187500 0.424805 0.025391 0.019531
1 0.197266 0.410645 0.003906 0.006836
1 0.364746 0.398438 0.010742 0.013672
1 0.280762 0.393066 0.008789 0.006836
1 0.574707 0.353027 0.008789 0.008789
1 0.513184 0.314941 0.020508 0.016602
1 0.284668 0.312012 0.012695 0.010742
1 0.149902 0.311035 0.008789 0.016602
1 0.328125 0.299316 0.005859 0.004883
1 0.270508 0.261719 0.007812 0.007812
1 0.648438 0.194824 0.009766 0.012695
1 0.463379 0.191406 0.012695 0.009766
1 0.630859 0.197754 0.023438 0.032227
1 0.465332 0.170898 0.012695 0.005859
2 0.231934 0.788086 0.004883 0.009766
2 0.253418 0.773438 0.004883 0.009766
2 0.223633 0.763672 0.003906 0.003906
2 0.235352 0.761230 0.007812 0.010742
2 0.251465 0.757812 0.010742 0.009766
2 0.437012 0.719238 0.004883 0.006836
2 0.288086 0.674805 0.005859 0.005859
2 0.274414 0.672852 0.011719 0.017578
2 0.271484 0.664062 0.005859 0.005859
2 0.301270 0.654785 0.010742 0.004883
2 0.270508 0.656738 0.019531 0.010742
2 0.284180 0.651367 0.007812 0.007812
2 0.140137 0.647461 0.004883 0.005859
2 0.264160 0.644531 0.006836 0.005859
2 0.529785 0.643555 0.006836 0.007812
2 0.286133 0.640625 0.003906 0.003906
2 0.306641 0.641602 0.003906 0.007812
2 0.561523 0.632812 0.003906 0.003906
2 0.285156 0.633301 0.003906 0.004883
2 0.310059 0.636230 0.008789 0.012695
2 0.108887 0.632812 0.002930 0.005859
2 0.292480 0.629883 0.006836 0.005859
2 0.279785 0.631348 0.016602 0.016602
2 0.114258 0.623047 0.003906 0.003906
2 0.312012 0.624023 0.008789 0.007812
2 0.299316 0.622070 0.002930 0.005859
2 0.149414 0.625488 0.013672 0.016602
2 0.105957 0.621582 0.008789 0.016602
2 0.230469 0.608398 0.005859 0.003906
2 0.218750 0.606934 0.007812 0.006836
2 0.130371 0.604980 0.012695 0.012695
2 0.125977 0.598633 0.003906 0.005859
2 0.231934 0.597656 0.016602 0.019531
2 0.209961 0.593750 0.015625 0.013672
2 0.157227 0.571289 0.011719 0.011719
2 0.139648 0.565918 0.005859 0.002930
2 0.190430 0.567871 0.009766 0.008789
2 0.175781 0.565918 0.005859 0.004883
2 0.295410 0.565430 0.006836 0.005859
2 0.205078 0.560547 0.015625 0.013672
2 0.298828 0.554688 0.011719 0.009766
2 0.219238 0.551758 0.004883 0.005859
2 0.179688 0.549316 0.015625 0.010742
2 0.166504 0.543945 0.004883 0.003906
2 0.212891 0.541992 0.011719 0.005859
2 0.157227 0.539551 0.007812 0.006836
2 0.217285 0.535156 0.004883 0.003906
2 0.381348 0.530273 0.010742 0.009766
2 0.149414 0.524414 0.007812 0.011719
2 0.232422 0.518066 0.003906 0.006836
2 0.223145 0.517090 0.012695 0.006836
2 0.164551 0.517090 0.008789 0.014648
2 0.219727 0.506348 0.009766 0.006836
2 0.168945 0.507324 0.011719 0.014648
2 0.233887 0.506836 0.018555 0.019531
2 0.159180 0.498535 0.005859 0.006836
2 0.217773 0.492188 0.011719 0.005859
2 0.206055 0.491211 0.005859 0.009766
2 0.178711 0.485352 0.011719 0.005859
2 0.212891 0.483398 0.005859 0.005859
2 0.354980 0.477539 0.004883 0.005859
2 0.257324 0.477539 0.008789 0.007812
2 0.163574 0.474609 0.006836 0.005859
2 0.341309 0.471191 0.004883 0.006836
2 0.368652 0.474609 0.006836 0.015625
2 0.379883 0.471680 0.015625 0.015625
2 0.396484 0.465820 0.003906 0.005859
2 0.361328 0.467285 0.009766 0.008789
2 0.333984 0.463379 0.007812 0.014648
2 0.237305 0.472168 0.025391 0.034180
2 0.234375 0.454102 0.005859 0.005859
2 0.227539 0.453125 0.003906 0.005859
2 0.181152 0.456055 0.020508 0.011719
2 0.243652 0.451660 0.004883 0.004883
2 0.195312 0.451660 0.005859 0.004883
2 0.345215 0.450684 0.002930 0.004883
2 0.469727 0.449707 0.003906 0.004883
2 0.383301 0.441895 0.010742 0.010742
2 0.357910 0.437500 0.008789 0.005859
2 0.458008 0.429199 0.003906 0.004883
2 0.386230 0.430176 0.004883 0.006836
2 0.333984 0.416016 0.003906 0.005859
2 0.391602 0.419922 0.011719 0.015625
2 0.378906 0.412109 0.005859 0.005859
2 0.342773 0.412109 0.005859 0.005859
2 0.357422 0.407227 0.003906 0.003906
2 0.325684 0.409668 0.010742 0.012695
2 0.351562 0.404785 0.007812 0.006836
2 0.314941 0.404785 0.006836 0.006836
2 0.409668 0.395996 0.004883 0.004883
2 0.355469 0.394043 0.007812 0.008789
2 0.408691 0.387695 0.008789 0.005859
2 0.200684 0.366211 0.032227 0.023438
2 0.177734 0.351074 0.007812 0.006836
2 0.142578 0.345703 0.003906 0.005859
2 0.213867 0.342285 0.005859 0.004883
2 0.142090 0.334961 0.006836 0.005859
2 0.190430 0.338379 0.019531 0.016602
2 0.203613 0.334961 0.004883 0.011719
2 0.177246 0.332031 0.004883 0.005859
2 0.809570 0.316895 0.007812 0.006836
2 0.791992 0.305664 0.005859 0.003906
2 0.599121 0.218750 0.006836 0.005859
2 0.604004 0.208008 0.004883 0.005859
2 0.599121 0.203613 0.006836 0.006836
2 0.686035 0.192871 0.008789 0.004883
2 0.505371 0.190918 0.004883 0.004883
2 0.609863 0.187012 0.008789 0.012695
2 0.434082 0.180664 0.004883 0.003906
2 0.698730 0.181152 0.006836 0.008789
2 0.588867 0.182617 0.013672 0.013672
2 0.421387 0.177246 0.006836 0.006836
2 0.661133 0.176270 0.007812 0.008789
2 0.431641 0.170410 0.005859 0.004883
2 0.421387 0.170410 0.004883 0.004883
2 0.406738 0.170410 0.004883 0.004883
3 0.423340 0.672852 0.022461 0.041016
3 0.788574 0.482422 0.032227 0.031250
3 0.710938 0.244141 0.033203 0.046875
4 0.685547 0.500000 0.119141 0.128906