0 0.296387 0.792480 0.004883 0.004883
0 0.309082 0.652832 0.004883 0.004883
0 0.429688 0.571289 0.003906 0.003906
0 0.425781 0.516113 0.003906 0.004883
0 0.518066 0.479004 0.008789 0.006836
0 0.097168 0.435059 0.004883 0.004883
0 0.594238 0.389648 0.004883 0.005859
0 0.586914 0.388672 0.005859 0.005859
0 0.203125 0.331055 0.003906 0.003906
0 0.367676 0.325195 0.006836 0.005859
0 0.663086 0.312012 0.003906 0.004883
0 0.580078 0.266113 0.005859 0.004883
0 0.347168 0.263184 0.004883 0.004883
0 0.333984 0.237305 0.003906 0.003906
0 0.514648 0.233398 0.005859 0.007812
0 0.538574 0.223633 0.004883 0.003906
0 0.264648 0.214355 0.003906 0.004883
0 0.531250 0.210449 0.005859 0.004883
0 0.451660 0.208984 0.006836 0.005859
0 0.561523 0.173828 0.003906 0.003906
1 0.466309 0.625000 0.032227 0.025391
1 0.278809 0.598633 0.024414 0.027344
1 0.089844 0.579102 0.023438 0.021484
1 0.168457 0.529297 0.008789 0.015625
1 0.127441 0.560547 0.053711 0.082031
1 0.408203 0.476074 0.095703 0.043945
1 0.717285 0.407715 0.006836 0.008789
1 0.092773 0.404297 0.013672 0.003906
1 0.555664 0.391113 0.009766 0.006836
1 0.127441 0.378906 0.075195 0.042969
1 0.312988 0.361328 0.022461 0.023438
1 0.363281 0.314941 0.011719 0.012695
1 0.274414 0.302734 0.009766 0.015625
1 0.565918 0.270996 0.006836 0.004883
1 0.704590 0.266602 0.016602 0.023438
1 0.766602 0.277832 0.054688 0.053711
1 0.469727 0.273926 0.076172 0.047852
1 0.562012 0.253418 0.022461 0.020508
1 0.593750 0.236816 0.011719 0.006836
1 0.700684 0.220703 0.038086 0.035156
1 0.561523 0.205078 0.029297 0.009766
1 0.567383 0.192871 0.013672 0.008789
1 0.375488 0.189453 0.010742 0.009766
1 0.385254 0.184570 0.008789 0.005859
1 0.413574 0.182617 0.051758 0.027344
2 0.510254 0.759277 0.004883 0.004883
2 0.302246 0.619141 0.008789 0.007812
2 0.484375 0.602539 0.003906 0.005859
2 0.313965 0.583984 0.006836 0.009766
2 0.615234 0.563477 0.007812 0.011719
2 0.500488 0.558594 0.008789 0.009766
2 0.635742 0.550293 0.003906 0.006836
2 0.163574 0.537598 0.004883 0.004883
2 0.455078 0.515137 0.003906 0.004883
2 0.507812 0.514648 0.001953 0.009766
2 0.428711 0.508301 0.005859 0.006836
2 0.477539 0.505371 0.003906 0.004883
2 0.424316 0.501953 0.004883 0.003906
2 0.483398 0.514160 0.037109 0.032227
2 0.481445 0.500488 0.003906 0.004883
2 0.457031 0.499023 0.003906 0.005859
2 0.546875 0.496094 0.005859 0.007812
2 0.470215 0.498047 0.012695 0.011719
2 0.550293 0.475586 0.004883 0.005859
2 0.559082 0.483887 0.008789 0.024414
2 0.498535 0.421387 0.008789 0.008789
2 0.489258 0.399902 0.005859 0.014648
2 0.625000 0.363281 0.003906 0.003906
2 0.600098 0.367676 0.008789 0.016602
2 0.617188 0.360352 0.005859 0.009766
2 0.651367 0.355957 0.005859 0.006836
2 0.627441 0.357422 0.008789 0.009766
2 0.604492 0.350586 0.005859 0.005859
2 0.629883 0.341797 0.007812 0.005859
2 0.116211 0.341309 0.003906 0.006836
2 0.593750 0.277344 0.011719 0.021484
2 0.602051 0.266602 0.014648 0.015625
2 0.445801 0.241211 0.006836 0.005859
2 0.423828 0.242188 0.007812 0.007812
2 0.402832 0.241211 0.004883 0.007812
2 0.614258 0.236816 0.007812 0.004883
2 0.458984 0.238770 0.015625 0.012695
2 0.601562 0.235352 0.009766 0.007812
2 0.689453 0.234375 0.009766 0.009766
2 0.432617 0.231445 0.003906 0.003906
2 0.426758 0.228027 0.005859 0.008789
2 0.460449 0.226562 0.008789 0.009766
2 0.442871 0.229004 0.012695 0.014648
2 0.591797 0.225586 0.011719 0.009766
2 0.572266 0.223145 0.015625 0.008789
2 0.467285 0.221191 0.008789 0.010742
2 0.486816 0.212891 0.008789 0.011719
2 0.476562 0.213867 0.009766 0.019531
2 0.501953 0.205078 0.003906 0.003906
2 0.496582 0.197754 0.002930 0.004883
2 0.515625 0.197754 0.005859 0.008789
2 0.397461 0.190918 0.005859 0.006836
3 0.299316 0.798340 0.030273 0.032227
3 0.095215 0.566895 0.045898 0.030273
3 0.097168 0.536133 0.053711 0.039062
3 0.490723 0.273438 0.012695 0.013672
3 0.581055 0.243164 0.021484 0.021484
3 0.750000 0.255371 0.087891 0.083008
3 0.527344 0.187012 0.054688 0.038086
3 0.457031 0.186523 0.041016 0.037109
4 0.260742 0.470215 0.103516 0.112305