0 0.635254 0.672363 0.004883 0.004883
0 0.385742 0.647949 0.007812 0.006836
0 0.490234 0.587402 0.003906 0.004883
0 0.462891 0.566406 0.003906 0.003906
0 0.427246 0.337402 0.004883 0.004883
0 0.573242 0.297852 0.003906 0.003906
1 0.115234 0.569824 0.007812 0.008789
1 0.228516 0.355469 0.007812 0.013672
1 0.201172 0.306152 0.011719 0.014648
1 0.218262 0.261719 0.004883 0.007812
2 0.465820 0.828125 0.005859 0.005859
2 0.456055 0.825684 0.003906 0.006836
2 0.454102 0.816406 0.003906 0.003906
2 0.606445 0.752930 0.003906 0.003906
2 0.584473 0.635254 0.006836 0.010742
2 0.608887 0.590820 0.006836 0.005859
2 0.605469 0.585449 0.005859 0.002930
2 0.597656 0.583008 0.005859 0.005859
2 0.594727 0.575684 0.005859 0.004883
2 0.555176 0.478516 0.006836 0.017578
2 0.592285 0.468750 0.010742 0.013672
2 0.587891 0.456543 0.003906 0.004883
2 0.082520 0.447754 0.002930 0.004883
2 0.613281 0.440918 0.005859 0.006836
2 0.093262 0.441406 0.012695 0.007812
2 0.086426 0.433105 0.006836 0.004883
2 0.109863 0.430176 0.004883 0.004883
2 0.619629 0.428223 0.008789 0.014648
2 0.627930 0.422363 0.005859 0.004883
2 0.111816 0.419434 0.004883 0.004883
2 0.606934 0.413086 0.006836 0.009766
2 0.137695 0.411133 0.011719 0.005859
2 0.620605 0.406738 0.008789 0.014648
2 0.610352 0.401367 0.003906 0.005859
2 0.614258 0.390625 0.005859 0.009766
2 0.606934 0.382324 0.008789 0.010742
2 0.663574 0.375977 0.018555 0.021484
2 0.637695 0.364746 0.007812 0.006836
2 0.758301 0.359863 0.004883 0.006836
2 0.647949 0.352051 0.006836 0.006836
2 0.662109 0.344238 0.003906 0.004883
2 0.674316 0.331055 0.006836 0.005859
2 0.652832 0.328125 0.004883 0.005859
2 0.663574 0.322754 0.004883 0.004883
2 0.670410 0.321777 0.002930 0.008789
2 0.680176 0.315918 0.004883 0.004883
2 0.697266 0.306152 0.005859 0.006836
2 0.248047 0.260742 0.005859 0.005859
2 0.315430 0.209473 0.003906 0.004883
4 0.246094 0.513672 0.125000 0.130859