0 0.375488 0.766602 0.004883 0.003906
0 0.244629 0.745117 0.004883 0.003906
0 0.112305 0.630371 0.003906 0.004883
0 0.580566 0.600586 0.004883 0.003906
0 0.247559 0.516602 0.004883 0.003906
0 0.318848 0.350098 0.004883 0.004883
0 0.412598 0.256348 0.004883 0.004883
1 0.354004 0.761230 0.004883 0.006836
1 0.321777 0.512695 0.006836 0.003906
1 0.400879 0.259766 0.008789 0.009766
1 0.387695 0.213867 0.033203 0.033203
2 0.186035 0.694336 0.006836 0.007812
2 0.195801 0.691406 0.010742 0.009766
2 0.207031 0.682617 0.007812 0.009766
2 0.222168 0.675293 0.010742 0.010742
2 0.187012 0.672852 0.004883 0.007812
2 0.652344 0.669922 0.005859 0.007812
2 0.151367 0.670410 0.017578 0.012695
2 0.202637 0.665039 0.004883 0.003906
2 0.178223 0.665527 0.010742 0.010742
2 0.166504 0.659180 0.006836 0.015625
2 0.343262 0.616699 0.008789 0.010742
2 0.354004 0.583984 0.004883 0.009766
2 0.219238 0.581055 0.006836 0.011719
2 0.336426 0.575195 0.004883 0.003906
2 0.171387 0.576172 0.008789 0.009766
2 0.157715 0.574219 0.010742 0.011719
2 0.178711 0.567871 0.003906 0.004883
2 0.437500 0.566895 0.007812 0.008789
2 0.156738 0.562012 0.004883 0.004883
2 0.171875 0.556641 0.005859 0.005859
2 0.604004 0.550781 0.004883 0.005859
2 0.158691 0.545898 0.010742 0.007812
2 0.609863 0.520996 0.004883 0.006836
2 0.650879 0.439941 0.004883 0.006836
2 0.653320 0.432129 0.007812 0.006836
2 0.167969 0.429688 0.013672 0.013672
2 0.241211 0.401367 0.005859 0.005859
2 0.247559 0.389648 0.008789 0.007812
2 0.439453 0.325195 0.005859 0.005859
2 0.234375 0.294434 0.005859 0.004883
2 0.250488 0.293945 0.008789 0.009766
2 0.415527 0.288086 0.006836 0.005859
2 0.261719 0.281250 0.011719 0.009766
2 0.406738 0.276367 0.006836 0.007812
2 0.385254 0.269043 0.004883 0.006836
2 0.403809 0.263672 0.010742 0.011719
2 0.420410 0.261230 0.012695 0.022461
2 0.389648 0.252441 0.007812 0.008789
2 0.430176 0.250977 0.004883 0.009766
2 0.428223 0.238281 0.004883 0.005859
2 0.402344 0.239746 0.005859 0.008789
2 0.410645 0.243164 0.016602 0.017578
2 0.416504 0.212891 0.008789 0.007812
2 0.673340 0.202148 0.006836 0.011719
2 0.491699 0.197754 0.002930 0.004883
2 0.467285 0.186523 0.004883 0.005859
2 0.570801 0.172363 0.002930 0.006836
2 0.589844 0.171387 0.013672 0.006836
4 0.538086 0.517090 0.085938 0.094727