0 0.299316 0.521973 0.004883 0.004883
0 0.354004 0.471191 0.004883 0.004883
0 0.337891 0.466309 0.003906 0.004883
0 0.522949 0.370605 0.006836 0.004883
0 0.391113 0.349121 0.004883 0.004883
0 0.551270 0.347168 0.006836 0.004883
0 0.543945 0.329102 0.005859 0.005859
0 0.216797 0.312500 0.003906 0.003906
0 0.375488 0.237793 0.006836 0.006836
1 0.366699 0.566406 0.014648 0.009766
1 0.444824 0.539551 0.006836 0.004883
1 0.333008 0.519043 0.003906 0.008789
1 0.189941 0.501465 0.024414 0.012695
1 0.322754 0.488281 0.010742 0.009766
1 0.349121 0.487793 0.014648 0.012695
1 0.458984 0.478516 0.015625 0.007812
1 0.384277 0.426270 0.028320 0.016602
1 0.335938 0.238770 0.021484 0.030273
1 0.372070 0.224609 0.021484 0.015625
1 0.441895 0.228516 0.026367 0.031250
2 0.462402 0.559082 0.022461 0.022461
2 0.274414 0.548340 0.005859 0.004883
2 0.539062 0.531250 0.007812 0.005859
2 0.524902 0.531738 0.010742 0.006836
2 0.548828 0.524414 0.003906 0.007812
2 0.600586 0.519043 0.005859 0.004883
2 0.552246 0.503418 0.004883 0.004883
2 0.517090 0.505859 0.022461 0.017578
2 0.282227 0.500000 0.007812 0.005859
2 0.537598 0.498047 0.002930 0.005859
2 0.560059 0.493652 0.004883 0.004883
2 0.517578 0.493164 0.003906 0.003906
2 0.548828 0.487793 0.003906 0.006836
2 0.520020 0.484863 0.006836 0.004883
2 0.269043 0.487793 0.010742 0.012695
2 0.255859 0.475586 0.003906 0.007812
2 0.176758 0.475586 0.005859 0.007812
2 0.583984 0.473145 0.005859 0.008789
2 0.596680 0.466309 0.005859 0.004883
2 0.524414 0.464844 0.003906 0.005859
2 0.588867 0.460938 0.007812 0.005859
2 0.556641 0.462402 0.017578 0.022461
3 0.442383 0.409180 0.048828 0.037109
3 0.381348 0.363281 0.030273 0.027344
3 0.548828 0.333984 0.039062 0.025391
4 0.716797 0.514160 0.105469 0.137695