0 0.343750 0.787109 0.005859 0.005859
0 0.584961 0.765625 0.003906 0.003906
0 0.739258 0.713867 0.003906 0.003906
0 0.556641 0.649902 0.007812 0.006836
0 0.550293 0.644043 0.004883 0.004883
0 0.737305 0.637207 0.003906 0.004883
0 0.430664 0.612305 0.005859 0.005859
0 0.725586 0.603516 0.005859 0.005859
0 0.222168 0.572266 0.004883 0.005859
0 0.355957 0.567383 0.004883 0.005859
0 0.471680 0.549805 0.003906 0.003906
0 0.493164 0.530273 0.003906 0.003906
0 0.307617 0.517090 0.005859 0.006836
0 0.528809 0.513184 0.004883 0.004883
0 0.387695 0.493164 0.005859 0.005859
0 0.326172 0.447754 0.005859 0.004883
0 0.308105 0.435059 0.004883 0.004883
0 0.557129 0.431152 0.004883 0.004883
0 0.165527 0.425781 0.004883 0.003906
0 0.466309 0.425781 0.006836 0.005859
0 0.433594 0.346680 0.003906 0.003906
0 0.441895 0.336426 0.004883 0.004883
0 0.498047 0.226562 0.003906 0.003906
0 0.241699 0.223145 0.004883 0.006836
0 0.589844 0.204590 0.005859 0.006836
0 0.381348 0.193359 0.004883 0.003906
1 0.395020 0.821289 0.104492 0.019531
1 0.433594 0.805664 0.023438 0.013672
1 0.438477 0.791016 0.023438 0.015625
1 0.378418 0.784180 0.022461 0.023438
1 0.275879 0.671875 0.010742 0.013672
1 0.262207 0.656250 0.012695 0.017578
1 0.366699 0.656738 0.026367 0.024414
1 0.559082 0.636230 0.012695 0.006836
1 0.777344 0.587891 0.011719 0.007812
1 0.820801 0.561523 0.075195 0.046875
1 0.752441 0.531250 0.014648 0.015625
1 0.259277 0.358887 0.008789 0.010742
1 0.229004 0.355957 0.012695 0.006836
1 0.304688 0.350098 0.029297 0.018555
1 0.810547 0.329590 0.013672 0.012695
1 0.798340 0.319336 0.012695 0.027344
1 0.263672 0.323242 0.082031 0.058594
1 0.261230 0.287598 0.016602 0.010742
1 0.330078 0.271484 0.019531 0.015625
1 0.747070 0.328125 0.076172 0.169922
1 0.245117 0.227051 0.005859 0.008789
1 0.595703 0.219238 0.011719 0.010742
1 0.226562 0.211426 0.013672 0.014648
1 0.394043 0.208008 0.012695 0.011719
1 0.294434 0.205078 0.059570 0.027344
1 0.572754 0.181152 0.014648 0.018555
1 0.615723 0.189941 0.069336 0.043945
2 0.363281 0.638672 0.007812 0.009766
2 0.363281 0.626953 0.005859 0.011719
2 0.222656 0.619141 0.003906 0.007812
2 0.231445 0.615723 0.005859 0.002930
2 0.244141 0.610352 0.003906 0.003906
2 0.234375 0.608398 0.007812 0.003906
2 0.092285 0.592773 0.004883 0.005859
2 0.802246 0.587402 0.004883 0.006836
2 0.788574 0.576172 0.006836 0.005859
2 0.791992 0.567871 0.003906 0.004883
2 0.514648 0.567383 0.003906 0.003906
2 0.124023 0.557617 0.003906 0.003906
2 0.794922 0.560059 0.009766 0.010742
2 0.569824 0.561035 0.004883 0.012695
2 0.506836 0.560547 0.005859 0.011719
2 0.563477 0.554688 0.007812 0.017578
2 0.547852 0.556641 0.021484 0.021484
2 0.527344 0.546387 0.003906 0.006836
2 0.521484 0.554199 0.019531 0.022461
2 0.576660 0.546387 0.006836 0.012695
2 0.569824 0.544922 0.006836 0.011719
2 0.537109 0.546875 0.015625 0.019531
2 0.502930 0.544434 0.017578 0.016602
2 0.473633 0.542969 0.037109 0.015625
2 0.450684 0.538086 0.006836 0.005859
2 0.560547 0.539062 0.009766 0.013672
2 0.761719 0.533691 0.003906 0.004883
2 0.580078 0.534180 0.025391 0.013672
2 0.470215 0.524902 0.004883 0.004883
2 0.483887 0.523926 0.014648 0.010742
2 0.492676 0.518066 0.004883 0.006836
2 0.500488 0.518555 0.006836 0.009766
2 0.547363 0.512207 0.002930 0.004883
2 0.441895 0.518555 0.014648 0.019531
2 0.456055 0.503906 0.003906 0.003906
2 0.571777 0.505371 0.006836 0.008789
2 0.473145 0.510742 0.043945 0.027344
2 0.586914 0.500977 0.011719 0.009766
2 0.375977 0.499512 0.007812 0.012695
2 0.396973 0.493652 0.004883 0.004883
2 0.391602 0.489258 0.005859 0.003906
2 0.428223 0.490723 0.006836 0.008789
2 0.530273 0.496582 0.025391 0.026367
2 0.375488 0.487305 0.008789 0.009766
2 0.385254 0.483887 0.004883 0.004883
2 0.562988 0.491699 0.038086 0.030273
2 0.444336 0.481445 0.015625 0.017578
2 0.551758 0.471680 0.003906 0.009766
2 0.555664 0.467773 0.003906 0.005859
2 0.573242 0.469727 0.005859 0.011719
2 0.430664 0.466797 0.005859 0.005859
2 0.450195 0.465820 0.003906 0.007812
2 0.464844 0.457520 0.003906 0.004883
2 0.567871 0.459473 0.008789 0.012695
2 0.442383 0.454590 0.007812 0.010742
2 0.483398 0.449219 0.007812 0.007812
2 0.454590 0.447754 0.008789 0.014648
2 0.475586 0.431641 0.005859 0.007812
2 0.221191 0.391602 0.006836 0.007812
2 0.219727 0.375000 0.005859 0.003906
2 0.266113 0.369141 0.008789 0.005859
2 0.219727 0.365723 0.011719 0.012695
2 0.202148 0.362305 0.005859 0.009766
2 0.239746 0.359863 0.006836 0.006836
2 0.208008 0.354004 0.007812 0.008789
2 0.214355 0.342285 0.004883 0.004883
2 0.645020 0.205078 0.006836 0.007812
2 0.647949 0.195801 0.008789 0.008789
2 0.647461 0.187500 0.005859 0.005859
3 0.444824 0.824707 0.020508 0.012695
3 0.182617 0.772949 0.021484 0.028320
3 0.270508 0.745605 0.035156 0.045898
3 0.765137 0.335938 0.045898 0.072266
3 0.255859 0.290039 0.054688 0.070312
3 0.560059 0.184570 0.032227 0.033203
4 0.675781 0.537598 0.109375 0.122070