0 0.782227 0.795898 0.003906 0.003906
0 0.506836 0.780762 0.003906 0.004883
0 0.716309 0.721191 0.004883 0.004883
0 0.183594 0.686035 0.007812 0.006836
0 0.729980 0.576172 0.004883 0.003906
0 0.588379 0.490234 0.004883 0.003906
0 0.643555 0.478516 0.003906 0.005859
0 0.705078 0.284180 0.007812 0.007812
0 0.652344 0.202148 0.003906 0.003906
1 0.183594 0.707520 0.011719 0.016602
1 0.577148 0.525879 0.011719 0.008789
1 0.320801 0.419434 0.014648 0.008789
1 0.679688 0.305664 0.039062 0.037109
1 0.715820 0.276367 0.011719 0.013672
1 0.197754 0.259766 0.014648 0.019531
1 0.658691 0.199707 0.008789 0.004883
2 0.314941 0.794922 0.004883 0.005859
2 0.574219 0.546387 0.011719 0.010742
2 0.583984 0.538086 0.007812 0.007812
2 0.551758 0.536133 0.005859 0.003906
2 0.568848 0.535156 0.024414 0.015625
2 0.562500 0.526367 0.005859 0.003906
2 0.130371 0.356934 0.004883 0.004883
2 0.326172 0.213379 0.007812 0.006836
4 0.260254 0.514160 0.145508 0.159180