0 0.512207 0.820312 0.006836 0.005859
0 0.520508 0.815430 0.005859 0.007812
0 0.607422 0.788086 0.005859 0.005859
0 0.603516 0.779785 0.005859 0.004883
0 0.382324 0.777832 0.006836 0.006836
0 0.600098 0.770508 0.006836 0.005859
0 0.219238 0.759766 0.008789 0.007812
0 0.369141 0.736816 0.005859 0.004883
0 0.383301 0.719238 0.004883 0.004883
0 0.234375 0.708008 0.005859 0.005859
0 0.396484 0.704102 0.005859 0.005859
0 0.231934 0.670410 0.006836 0.006836
0 0.495605 0.654297 0.006836 0.005859
0 0.542480 0.644043 0.008789 0.008789
0 0.287598 0.629883 0.006836 0.005859
0 0.270508 0.629395 0.003906 0.004883
0 0.312500 0.629395 0.005859 0.006836
0 0.261230 0.628418 0.004883 0.004883
0 0.469727 0.594727 0.005859 0.005859
0 0.602051 0.559570 0.008789 0.007812
0 0.408691 0.553711 0.008789 0.005859
0 0.602539 0.549316 0.007812 0.008789
0 0.234863 0.540527 0.006836 0.006836
0 0.332031 0.540039 0.007812 0.007812
0 0.306641 0.516113 0.007812 0.008789
0 0.834473 0.506836 0.006836 0.007812
0 0.266113 0.500000 0.004883 0.003906
0 0.332031 0.498047 0.003906 0.005859
0 0.191406 0.496094 0.007812 0.007812
0 0.267090 0.490234 0.004883 0.005859
0 0.286621 0.479980 0.004883 0.002930
0 0.560059 0.474121 0.004883 0.004883
0 0.506348 0.474121 0.004883 0.004883
0 0.267578 0.473633 0.005859 0.005859
0 0.140137 0.472168 0.008789 0.008789
0 0.569824 0.467285 0.006836 0.004883
0 0.132324 0.460938 0.006836 0.007812
0 0.487305 0.451172 0.007812 0.005859
0 0.240723 0.445312 0.008789 0.005859
0 0.282715 0.444824 0.006836 0.008789
0 0.212891 0.431641 0.005859 0.005859
0 0.293945 0.401367 0.009766 0.009766
0 0.303711 0.390625 0.011719 0.005859
0 0.405273 0.381836 0.005859 0.005859
0 0.253418 0.367188 0.008789 0.009766
0 0.132324 0.311035 0.006836 0.006836
0 0.733398 0.282715 0.007812 0.010742
0 0.757812 0.270020 0.005859 0.006836
0 0.751953 0.266602 0.003906 0.003906
0 0.691895 0.226562 0.008789 0.009766
0 0.472656 0.214844 0.005859 0.005859
0 0.388184 0.185547 0.012695 0.011719
0 0.438477 0.182617 0.007812 0.007812
1 0.267578 0.813477 0.005859 0.003906
1 0.631836 0.806152 0.029297 0.016602
1 0.538574 0.793457 0.008789 0.004883
1 0.474121 0.766113 0.012695 0.008789
1 0.582520 0.764160 0.014648 0.014648
1 0.520508 0.756836 0.007812 0.009766
1 0.299316 0.632324 0.008789 0.006836
1 0.254395 0.632324 0.004883 0.012695
1 0.424805 0.558105 0.015625 0.020508
1 0.257812 0.541504 0.013672 0.008789
1 0.579590 0.541504 0.016602 0.012695
1 0.513184 0.480957 0.010742 0.010742
1 0.361816 0.423828 0.014648 0.013672
1 0.571777 0.417480 0.018555 0.014648
1 0.164551 0.417969 0.014648 0.015625
1 0.437988 0.414551 0.040039 0.018555
1 0.186035 0.396484 0.018555 0.025391
1 0.203125 0.384277 0.009766 0.012695
1 0.223145 0.376953 0.014648 0.021484
1 0.284668 0.355469 0.018555 0.023438
1 0.271484 0.336914 0.017578 0.021484
1 0.117676 0.327148 0.020508 0.039062
1 0.209473 0.274414 0.014648 0.009766
1 0.182617 0.247559 0.009766 0.012695
1 0.255859 0.231934 0.048828 0.034180
2 0.231934 0.735840 0.002930 0.006836
2 0.412598 0.726074 0.004883 0.010742
2 0.467773 0.722168 0.007812 0.008789
2 0.463867 0.708008 0.015625 0.007812
2 0.382324 0.705078 0.004883 0.003906
2 0.340820 0.702637 0.007812 0.006836
2 0.416504 0.703125 0.006836 0.011719
2 0.357910 0.695312 0.008789 0.005859
2 0.331543 0.694824 0.006836 0.004883
2 0.379395 0.700195 0.038086 0.021484
2 0.439941 0.688965 0.004883 0.004883
2 0.693359 0.685059 0.009766 0.006836
2 0.460449 0.687012 0.010742 0.010742
2 0.273926 0.682129 0.004883 0.004883
2 0.337891 0.679688 0.009766 0.011719
2 0.307129 0.678223 0.004883 0.008789
2 0.437500 0.676270 0.007812 0.006836
2 0.315918 0.673340 0.004883 0.006836
2 0.446777 0.675293 0.010742 0.012695
2 0.416016 0.665527 0.009766 0.006836
2 0.331543 0.659668 0.004883 0.004883
2 0.419922 0.655762 0.005859 0.006836
2 0.436035 0.660645 0.020508 0.020508
2 0.359863 0.646484 0.008789 0.007812
2 0.371582 0.645020 0.014648 0.010742
2 0.348633 0.642090 0.019531 0.020508
2 0.334473 0.637695 0.008789 0.011719
2 0.388184 0.624023 0.018555 0.009766
2 0.352539 0.618652 0.003906 0.004883
2 0.427734 0.627930 0.013672 0.027344
2 0.441895 0.617676 0.006836 0.008789
2 0.359863 0.616699 0.004883 0.006836
2 0.333008 0.611328 0.005859 0.005859
2 0.354492 0.606934 0.005859 0.006836
2 0.344727 0.604004 0.005859 0.004883
2 0.215332 0.615234 0.018555 0.027344
2 0.364746 0.606445 0.006836 0.011719
2 0.254395 0.599609 0.004883 0.005859
2 0.278809 0.588379 0.014648 0.016602
2 0.292969 0.579590 0.005859 0.006836
2 0.243164 0.582031 0.011719 0.011719
2 0.364258 0.581543 0.015625 0.016602
2 0.317871 0.562012 0.008789 0.006836
2 0.560059 0.555664 0.004883 0.005859
2 0.295898 0.560547 0.011719 0.019531
2 0.333008 0.549805 0.007812 0.007812
2 0.315918 0.548828 0.010742 0.009766
2 0.269531 0.543945 0.009766 0.009766
2 0.341797 0.539551 0.005859 0.004883
2 0.296387 0.539062 0.010742 0.015625
2 0.262207 0.534180 0.004883 0.005859
2 0.284180 0.537109 0.011719 0.013672
2 0.454590 0.532227 0.006836 0.007812
2 0.318848 0.530762 0.006836 0.008789
2 0.214355 0.569824 0.059570 0.096680
2 0.435547 0.521973 0.009766 0.006836
2 0.248535 0.522461 0.008789 0.007812
2 0.350098 0.514648 0.006836 0.005859
2 0.342773 0.512207 0.005859 0.004883
2 0.421875 0.508301 0.005859 0.006836
2 0.283203 0.517090 0.037109 0.024414
2 0.251465 0.508301 0.006836 0.006836
2 0.220703 0.506348 0.005859 0.006836
2 0.181152 0.512207 0.012695 0.018555
2 0.195312 0.513672 0.017578 0.023438
2 0.471191 0.502441 0.004883 0.006836
2 0.141602 0.502441 0.007812 0.008789
2 0.354492 0.502930 0.015625 0.011719
2 0.150391 0.499023 0.003906 0.003906
2 0.459961 0.496094 0.013672 0.007812
2 0.439941 0.495117 0.006836 0.007812
2 0.372070 0.490234 0.003906 0.003906
2 0.382324 0.528320 0.059570 0.085938
2 0.585938 0.487305 0.005859 0.005859
2 0.549805 0.486816 0.003906 0.004883
2 0.487793 0.489258 0.006836 0.009766
2 0.429199 0.486816 0.006836 0.006836
2 0.472168 0.487305 0.008789 0.009766
2 0.335449 0.483887 0.004883 0.004883
2 0.454590 0.486328 0.022461 0.011719
2 0.384277 0.480957 0.004883 0.004883
2 0.608887 0.479980 0.004883 0.006836
2 0.601562 0.479004 0.005859 0.006836
2 0.242188 0.475586 0.007812 0.007812
2 0.396484 0.472656 0.003906 0.003906
2 0.592285 0.466797 0.004883 0.003906
2 0.337402 0.467285 0.006836 0.008789
2 0.273438 0.470703 0.013672 0.017578
2 0.394043 0.463867 0.006836 0.009766
2 0.391602 0.457520 0.003906 0.004883
2 0.166504 0.467285 0.018555 0.036133
2 0.411621 0.466309 0.024414 0.036133
2 0.345215 0.449219 0.004883 0.003906
2 0.336914 0.446777 0.003906 0.004883
2 0.326172 0.447266 0.003906 0.005859
2 0.445312 0.458496 0.019531 0.030273
2 0.455566 0.438965 0.006836 0.006836
2 0.399902 0.434570 0.010742 0.011719
2 0.387207 0.427734 0.004883 0.003906
2 0.364258 0.449219 0.041016 0.048828
2 0.489746 0.430176 0.022461 0.014648
2 0.193848 0.425781 0.006836 0.005859
2 0.472656 0.424805 0.011719 0.009766
2 0.297852 0.412109 0.011719 0.011719
2 0.264160 0.409668 0.008789 0.008789
2 0.593750 0.406250 0.005859 0.009766
2 0.248535 0.405762 0.010742 0.008789
2 0.476562 0.403809 0.007812 0.008789
2 0.541016 0.396973 0.011719 0.008789
2 0.244629 0.394531 0.008789 0.009766
2 0.385254 0.378906 0.016602 0.013672
2 0.493164 0.373047 0.005859 0.003906
2 0.307617 0.372559 0.005859 0.004883
2 0.362305 0.369629 0.007812 0.006836
2 0.397949 0.368652 0.006836 0.006836
2 0.322266 0.362793 0.005859 0.004883
2 0.389648 0.362305 0.005859 0.005859
2 0.494629 0.362305 0.008789 0.007812
2 0.343750 0.367676 0.015625 0.018555
2 0.429688 0.358398 0.007812 0.009766
2 0.417969 0.355469 0.007812 0.005859
2 0.350586 0.349609 0.007812 0.007812
2 0.400391 0.349609 0.011719 0.011719
2 0.437500 0.345703 0.007812 0.005859
2 0.426758 0.345703 0.007812 0.007812
2 0.338379 0.343750 0.008789 0.009766
2 0.394531 0.336914 0.009766 0.009766
2 0.351074 0.335938 0.008789 0.009766
2 0.339844 0.329590 0.009766 0.008789
2 0.221680 0.324707 0.005859 0.006836
2 0.325684 0.321777 0.014648 0.010742
2 0.375000 0.315430 0.005859 0.005859
2 0.280273 0.303223 0.005859 0.004883
4 0.738281 0.468750 0.126953 0.144531