0 0.266113 0.819336 0.004883 0.005859
0 0.523438 0.814941 0.005859 0.004883
0 0.379883 0.800781 0.005859 0.005859
0 0.361816 0.798340 0.004883 0.004883
0 0.455566 0.790527 0.004883 0.004883
0 0.371094 0.770508 0.003906 0.003906
0 0.222168 0.735352 0.004883 0.005859
0 0.198730 0.726562 0.004883 0.005859
0 0.463379 0.719238 0.004883 0.004883
0 0.503906 0.705566 0.005859 0.004883
0 0.321289 0.703125 0.003906 0.003906
0 0.469727 0.702148 0.003906 0.003906
0 0.167480 0.701660 0.004883 0.004883
0 0.288086 0.648926 0.007812 0.006836
0 0.640625 0.645020 0.005859 0.006836
0 0.604492 0.636230 0.003906 0.004883
0 0.406250 0.625488 0.005859 0.004883
0 0.744629 0.622070 0.004883 0.005859
0 0.493164 0.613281 0.003906 0.003906
0 0.260254 0.608398 0.006836 0.007812
0 0.124512 0.606934 0.004883 0.004883
0 0.523438 0.604980 0.005859 0.004883
0 0.370605 0.601074 0.006836 0.004883
0 0.499023 0.601074 0.005859 0.006836
0 0.475098 0.601562 0.006836 0.007812
0 0.118164 0.600098 0.005859 0.004883
0 0.359863 0.600098 0.006836 0.006836
0 0.660645 0.594727 0.006836 0.007812
0 0.381836 0.594727 0.007812 0.007812
0 0.255859 0.580078 0.003906 0.003906
0 0.479980 0.574219 0.006836 0.005859
0 0.550293 0.551270 0.006836 0.006836
0 0.434082 0.549316 0.004883 0.004883
0 0.541992 0.540527 0.005859 0.006836
0 0.257324 0.528320 0.004883 0.003906
0 0.190918 0.519043 0.004883 0.004883
0 0.105957 0.517090 0.004883 0.004883
0 0.144043 0.516113 0.004883 0.004883
0 0.542480 0.503418 0.004883 0.004883
0 0.797852 0.500488 0.005859 0.004883
0 0.390137 0.500488 0.004883 0.004883
0 0.205566 0.499512 0.004883 0.004883
0 0.509277 0.484375 0.004883 0.003906
0 0.110352 0.485352 0.005859 0.005859
0 0.159668 0.483398 0.004883 0.005859
0 0.406738 0.476074 0.004883 0.004883
0 0.240234 0.472656 0.005859 0.005859
0 0.473145 0.471191 0.004883 0.004883
0 0.513184 0.469727 0.004883 0.005859
0 0.145996 0.465820 0.008789 0.007812
0 0.159180 0.455566 0.003906 0.004883
0 0.397949 0.440918 0.008789 0.008789
0 0.185547 0.434570 0.003906 0.003906
0 0.451172 0.428223 0.003906 0.004883
0 0.801758 0.416992 0.005859 0.005859
0 0.399414 0.412598 0.003906 0.004883
0 0.823730 0.411621 0.006836 0.006836
0 0.333984 0.410156 0.003906 0.003906
0 0.281738 0.399414 0.004883 0.003906
0 0.284668 0.390137 0.004883 0.004883
0 0.399414 0.386230 0.003906 0.004883
0 0.583496 0.378906 0.004883 0.003906
0 0.423828 0.378418 0.007812 0.004883
0 0.179199 0.378418 0.004883 0.004883
0 0.121582 0.376465 0.006836 0.006836
0 0.441895 0.372559 0.006836 0.006836
0 0.363770 0.370117 0.004883 0.003906
0 0.279297 0.369629 0.003906 0.004883
0 0.354004 0.367676 0.004883 0.004883
0 0.163086 0.360352 0.003906 0.003906
0 0.098633 0.357422 0.003906 0.003906
0 0.289551 0.346191 0.004883 0.004883
0 0.348145 0.342773 0.004883 0.003906
0 0.444824 0.337402 0.004883 0.004883
0 0.372559 0.336914 0.004883 0.005859
0 0.618652 0.320801 0.004883 0.004883
0 0.307617 0.305664 0.005859 0.005859
0 0.705566 0.297363 0.004883 0.004883
0 0.351562 0.288086 0.007812 0.005859
0 0.219727 0.287109 0.003906 0.003906
0 0.573242 0.272461 0.003906 0.003906
0 0.580078 0.188477 0.005859 0.005859
0 0.260254 0.176270 0.004883 0.004883
0 0.571777 0.172852 0.004883 0.003906
1 0.259766 0.810059 0.009766 0.004883
1 0.366211 0.810547 0.021484 0.009766
1 0.370117 0.788574 0.017578 0.008789
1 0.584473 0.791016 0.018555 0.027344
1 0.237793 0.770508 0.012695 0.013672
1 0.264160 0.778320 0.034180 0.031250
1 0.616211 0.769531 0.031250 0.029297
1 0.589844 0.762695 0.025391 0.015625
1 0.192871 0.758301 0.038086 0.026367
1 0.609863 0.748535 0.008789 0.008789
1 0.478516 0.738281 0.009766 0.005859
1 0.298340 0.723633 0.004883 0.007812
1 0.502930 0.716797 0.011719 0.009766
1 0.348145 0.717285 0.020508 0.022461
1 0.134766 0.702637 0.007812 0.008789
1 0.402832 0.693359 0.014648 0.007812
1 0.183105 0.695312 0.010742 0.011719
1 0.294434 0.677246 0.008789 0.006836
1 0.444336 0.678223 0.007812 0.012695
1 0.516602 0.673340 0.013672 0.010742
1 0.109375 0.672852 0.009766 0.013672
1 0.743652 0.677734 0.018555 0.033203
1 0.705078 0.685547 0.048828 0.099609
1 0.396484 0.637207 0.011719 0.012695
1 0.354492 0.630859 0.017578 0.013672
1 0.344727 0.614746 0.011719 0.006836
1 0.665039 0.617676 0.017578 0.016602
1 0.381348 0.608398 0.004883 0.007812
1 0.763184 0.620605 0.030273 0.051758
1 0.821777 0.600586 0.012695 0.017578
1 0.324219 0.592773 0.009766 0.011719
1 0.772461 0.581055 0.005859 0.009766
1 0.321777 0.579590 0.006836 0.008789
1 0.338379 0.582031 0.024414 0.021484
1 0.577637 0.573242 0.028320 0.023438
1 0.219727 0.562500 0.009766 0.007812
1 0.812500 0.559570 0.015625 0.009766
1 0.230469 0.554199 0.007812 0.010742
1 0.221191 0.536621 0.010742 0.014648
1 0.077148 0.511230 0.019531 0.018555
1 0.186523 0.506348 0.013672 0.012695
1 0.196289 0.497559 0.009766 0.008789
1 0.451660 0.483887 0.010742 0.008789
1 0.847168 0.488770 0.028320 0.028320
1 0.215820 0.452637 0.005859 0.004883
1 0.208496 0.450195 0.006836 0.011719
1 0.475586 0.441895 0.037109 0.014648
1 0.248535 0.433105 0.008789 0.008789
1 0.346191 0.434082 0.006836 0.012695
1 0.189453 0.399902 0.009766 0.010742
1 0.126953 0.391113 0.013672 0.012695
1 0.375488 0.390625 0.012695 0.019531
1 0.473145 0.375488 0.026367 0.018555
1 0.511719 0.366211 0.011719 0.005859
1 0.497559 0.366211 0.008789 0.007812
1 0.402344 0.366211 0.011719 0.011719
1 0.203125 0.356934 0.009766 0.010742
1 0.196289 0.346191 0.009766 0.010742
1 0.159180 0.342285 0.005859 0.006836
1 0.472656 0.342773 0.029297 0.011719
1 0.428223 0.347656 0.014648 0.021484
1 0.395996 0.339355 0.008789 0.008789
1 0.380859 0.335449 0.003906 0.008789
1 0.140625 0.333008 0.009766 0.007812
1 0.226562 0.330566 0.009766 0.008789
1 0.197266 0.326660 0.009766 0.008789
1 0.402832 0.322266 0.008789 0.007812
1 0.353516 0.317383 0.027344 0.011719
1 0.266113 0.315430 0.016602 0.013672
1 0.458008 0.303711 0.009766 0.007812
1 0.658691 0.301270 0.016602 0.008789
1 0.282227 0.292969 0.009766 0.009766
1 0.348633 0.294434 0.039062 0.022461
1 0.477539 0.286133 0.011719 0.011719
1 0.354980 0.257324 0.010742 0.014648
1 0.641602 0.235840 0.035156 0.030273
1 0.599609 0.224121 0.033203 0.032227
1 0.717285 0.216309 0.012695 0.028320
1 0.231934 0.204102 0.008789 0.007812
2 0.374512 0.778809 0.006836 0.004883
2 0.381348 0.774902 0.006836 0.004883
2 0.261719 0.682129 0.003906 0.004883
2 0.268555 0.667969 0.009766 0.005859
2 0.264648 0.660645 0.005859 0.008789
2 0.207520 0.648438 0.004883 0.005859
2 0.407227 0.619141 0.003906 0.005859
2 0.416504 0.572266 0.004883 0.003906
2 0.789551 0.565918 0.004883 0.004883
2 0.419434 0.553223 0.004883 0.006836
2 0.454590 0.527344 0.010742 0.007812
2 0.444336 0.524414 0.005859 0.003906
2 0.501465 0.516602 0.004883 0.005859
2 0.527344 0.501953 0.003906 0.003906
2 0.433594 0.476074 0.003906 0.004883
2 0.834961 0.470703 0.011719 0.013672
2 0.497070 0.401855 0.003906 0.006836
2 0.562012 0.379883 0.004883 0.003906
2 0.435547 0.383789 0.017578 0.011719
2 0.304199 0.381348 0.004883 0.006836
2 0.543945 0.381348 0.005859 0.008789
2 0.297852 0.374023 0.003906 0.005859
2 0.225586 0.339355 0.003906 0.004883
2 0.283691 0.329590 0.004883 0.004883
2 0.351074 0.324707 0.006836 0.006836
2 0.477051 0.310059 0.004883 0.004883
2 0.203613 0.244629 0.010742 0.010742
3 0.650391 0.813477 0.029297 0.037109
3 0.582031 0.812988 0.037109 0.038086
3 0.269043 0.763184 0.041992 0.047852
3 0.176270 0.761230 0.032227 0.047852
3 0.756348 0.705078 0.030273 0.042969
3 0.282227 0.667969 0.025391 0.013672
3 0.661133 0.286133 0.015625 0.019531
3 0.294922 0.259766 0.009766 0.011719
3 0.250000 0.243652 0.009766 0.006836
3 0.227539 0.253418 0.029297 0.032227
4 0.673340 0.488281 0.125977 0.138672