0 0.745117 0.715820 0.003906 0.003906
0 0.399414 0.691406 0.011719 0.011719
0 0.376465 0.683594 0.008789 0.009766
0 0.742188 0.457031 0.003906 0.003906
0 0.734375 0.445801 0.005859 0.004883
0 0.684082 0.339355 0.004883 0.004883
0 0.556641 0.201660 0.007812 0.006836
1 0.288086 0.770996 0.044922 0.061523
1 0.622559 0.743164 0.020508 0.011719
1 0.533203 0.724609 0.013672 0.013672
1 0.239746 0.740234 0.036133 0.058594
1 0.638184 0.722168 0.032227 0.024414
1 0.352539 0.716797 0.019531 0.013672
1 0.749023 0.678711 0.013672 0.017578
1 0.111328 0.627441 0.031250 0.040039
1 0.101074 0.590332 0.022461 0.010742
1 0.770020 0.471680 0.010742 0.005859
1 0.697266 0.443359 0.009766 0.009766
1 0.245117 0.274902 0.023438 0.041992
2 0.316895 0.610840 0.014648 0.012695
2 0.775391 0.570801 0.005859 0.008789
2 0.344727 0.568359 0.005859 0.005859
2 0.699219 0.541992 0.005859 0.005859
2 0.718262 0.536133 0.004883 0.003906
2 0.681152 0.538574 0.020508 0.008789
2 0.706543 0.534668 0.004883 0.004883
2 0.735840 0.527344 0.006836 0.007812
2 0.718750 0.527344 0.025391 0.019531
2 0.682129 0.522949 0.024414 0.014648
2 0.693848 0.507812 0.059570 0.021484
2 0.670410 0.497070 0.008789 0.005859
2 0.700684 0.479980 0.004883 0.006836
2 0.750977 0.494141 0.054688 0.039062
2 0.759277 0.469238 0.010742 0.010742
2 0.649414 0.470703 0.011719 0.015625
2 0.754883 0.462891 0.005859 0.007812
2 0.640137 0.462891 0.008789 0.007812
2 0.660156 0.459473 0.003906 0.006836
2 0.500488 0.460449 0.008789 0.008789
2 0.762695 0.455078 0.007812 0.007812
2 0.750488 0.449707 0.010742 0.008789
2 0.656738 0.447754 0.016602 0.012695
2 0.769043 0.441406 0.004883 0.005859
2 0.673828 0.437988 0.011719 0.002930
2 0.693848 0.429688 0.002930 0.005859
2 0.676270 0.429199 0.010742 0.008789
2 0.699219 0.426758 0.003906 0.005859
2 0.769531 0.427734 0.005859 0.009766
2 0.761230 0.426758 0.006836 0.007812
2 0.684570 0.421387 0.013672 0.010742
2 0.755859 0.418457 0.013672 0.012695
2 0.691895 0.414551 0.006836 0.006836
2 0.624512 0.421387 0.016602 0.022461
2 0.704590 0.412109 0.012695 0.011719
2 0.716797 0.414551 0.013672 0.020508
2 0.655762 0.407227 0.006836 0.011719
2 0.741211 0.413574 0.027344 0.030273
2 0.737305 0.397461 0.005859 0.003906
2 0.681641 0.397949 0.005859 0.004883
2 0.706543 0.395508 0.016602 0.009766
2 0.737793 0.388672 0.010742 0.005859
2 0.733398 0.382324 0.003906 0.004883
2 0.708984 0.381836 0.013672 0.009766
2 0.683594 0.384766 0.017578 0.015625
2 0.723145 0.382324 0.012695 0.014648
2 0.684570 0.371582 0.011719 0.008789
2 0.666992 0.355469 0.005859 0.005859
2 0.657715 0.348145 0.004883 0.006836
2 0.664062 0.334473 0.003906 0.004883
3 0.236816 0.762695 0.024414 0.033203
3 0.558105 0.734375 0.026367 0.029297
3 0.567871 0.714844 0.020508 0.017578
3 0.675781 0.293945 0.017578 0.031250
3 0.665039 0.250000 0.019531 0.029297
3 0.588379 0.233887 0.020508 0.008789
4 0.264648 0.506348 0.113281 0.131836