0 0.475586 0.777832 0.007812 0.008789
0 0.313477 0.762695 0.003906 0.003906
0 0.681152 0.585449 0.008789 0.008789
0 0.086914 0.544922 0.007812 0.007812
0 0.719727 0.530762 0.005859 0.004883
0 0.379395 0.476562 0.006836 0.005859
0 0.675781 0.403809 0.003906 0.004883
0 0.429199 0.339355 0.004883 0.004883
1 0.331543 0.709473 0.014648 0.010742
1 0.257812 0.697266 0.013672 0.015625
1 0.240723 0.611816 0.012695 0.012695
1 0.773438 0.593262 0.035156 0.045898
1 0.710449 0.517578 0.014648 0.019531
1 0.400391 0.484863 0.023438 0.028320
1 0.352051 0.442871 0.016602 0.008789
1 0.362793 0.423828 0.016602 0.005859
1 0.692383 0.361816 0.015625 0.010742
2 0.429688 0.791016 0.005859 0.007812
2 0.434570 0.758789 0.005859 0.005859
2 0.605469 0.726562 0.005859 0.005859
2 0.595215 0.720703 0.002930 0.005859
2 0.192871 0.716797 0.016602 0.033203
2 0.443848 0.626953 0.006836 0.007812
2 0.472656 0.618164 0.009766 0.007812
2 0.405273 0.615234 0.005859 0.005859
2 0.449707 0.615234 0.004883 0.009766
2 0.475098 0.611816 0.004883 0.004883
2 0.423828 0.614746 0.009766 0.024414
2 0.391602 0.604492 0.005859 0.005859
2 0.497559 0.604492 0.008789 0.007812
2 0.379395 0.604004 0.004883 0.006836
2 0.606445 0.599121 0.005859 0.006836
2 0.501953 0.598633 0.003906 0.005859
2 0.439941 0.593750 0.006836 0.005859
2 0.495605 0.593750 0.004883 0.007812
2 0.414551 0.585938 0.004883 0.003906
2 0.421875 0.584961 0.005859 0.003906
2 0.395508 0.570801 0.005859 0.002930
2 0.236328 0.571777 0.005859 0.006836
2 0.381836 0.554688 0.003906 0.007812
2 0.421875 0.565430 0.041016 0.031250
2 0.386719 0.553223 0.003906 0.006836
2 0.365234 0.555664 0.011719 0.011719
2 0.631348 0.554688 0.016602 0.017578
2 0.381348 0.547852 0.004883 0.003906
2 0.607422 0.534180 0.005859 0.003906
2 0.445312 0.539062 0.013672 0.015625
2 0.619629 0.532715 0.022461 0.024414
2 0.444824 0.522461 0.006836 0.011719
2 0.625488 0.521484 0.008789 0.011719
2 0.457031 0.518555 0.003906 0.007812
2 0.472656 0.516113 0.007812 0.004883
2 0.602539 0.511719 0.003906 0.005859
2 0.665039 0.509277 0.005859 0.004883
2 0.618164 0.506348 0.005859 0.006836
2 0.686523 0.500488 0.003906 0.004883
2 0.677246 0.500488 0.004883 0.004883
2 0.666016 0.500000 0.009766 0.005859
2 0.605469 0.495605 0.007812 0.004883
2 0.656250 0.483398 0.003906 0.003906
2 0.642090 0.483887 0.008789 0.006836
2 0.585449 0.485840 0.016602 0.010742
2 0.620605 0.488281 0.032227 0.019531
2 0.586426 0.473633 0.004883 0.007812
2 0.635742 0.469727 0.003906 0.005859
2 0.604004 0.470215 0.012695 0.010742
2 0.661133 0.465820 0.007812 0.007812
2 0.626465 0.468750 0.012695 0.013672
2 0.678223 0.462402 0.006836 0.008789
2 0.310547 0.454102 0.011719 0.005859
2 0.625488 0.453613 0.006836 0.008789
2 0.655762 0.449219 0.004883 0.005859
2 0.624023 0.443848 0.007812 0.006836
2 0.615723 0.448730 0.010742 0.018555
2 0.457520 0.442383 0.006836 0.005859
2 0.470215 0.440918 0.004883 0.004883
2 0.623535 0.433105 0.004883 0.004883
2 0.637695 0.430176 0.005859 0.004883
2 0.694336 0.428223 0.003906 0.004883
2 0.418457 0.419922 0.012695 0.005859
2 0.406250 0.420898 0.009766 0.015625
2 0.713867 0.413574 0.003906 0.004883
2 0.399414 0.411133 0.005859 0.005859
2 0.712402 0.407715 0.004883 0.004883
2 0.456543 0.404785 0.004883 0.008789
2 0.433594 0.406738 0.011719 0.014648
2 0.688965 0.397949 0.004883 0.004883
2 0.510742 0.396973 0.005859 0.004883
2 0.445801 0.394531 0.006836 0.007812
2 0.523926 0.389648 0.012695 0.007812
2 0.500977 0.382812 0.003906 0.007812
2 0.522461 0.380859 0.009766 0.007812
2 0.402832 0.381348 0.006836 0.008789
2 0.436035 0.379883 0.016602 0.007812
2 0.478516 0.375977 0.009766 0.005859
2 0.547363 0.379883 0.014648 0.015625
2 0.666016 0.373047 0.007812 0.007812
2 0.453613 0.379395 0.008789 0.022461
2 0.514160 0.368164 0.004883 0.011719
2 0.501953 0.365234 0.007812 0.005859
2 0.394043 0.369629 0.008789 0.014648
2 0.537598 0.349609 0.010742 0.009766
2 0.408691 0.359863 0.018555 0.030273
2 0.491699 0.347656 0.004883 0.007812
2 0.432617 0.357910 0.027344 0.030273
2 0.571777 0.336426 0.006836 0.004883
2 0.528320 0.327637 0.005859 0.006836
2 0.443848 0.319824 0.004883 0.004883
2 0.433105 0.318848 0.004883 0.004883
2 0.521484 0.273438 0.003906 0.003906
2 0.532715 0.271484 0.006836 0.005859
2 0.498535 0.268555 0.014648 0.009766
2 0.457520 0.259766 0.028320 0.013672
2 0.495605 0.253418 0.014648 0.012695
2 0.541504 0.249023 0.010742 0.009766
2 0.183105 0.237305 0.006836 0.009766
2 0.555664 0.240234 0.011719 0.017578
2 0.450195 0.235840 0.005859 0.010742
2 0.189941 0.215332 0.010742 0.016602
2 0.242188 0.199707 0.005859 0.008789
2 0.226074 0.179688 0.006836 0.003906
2 0.242188 0.171387 0.009766 0.006836
3 0.811523 0.582520 0.027344 0.034180
3 0.370117 0.507324 0.019531 0.022461
3 0.663574 0.337402 0.024414 0.022461
3 0.684082 0.231934 0.032227 0.022461
4 0.208496 0.444824 0.104492 0.120117