0 0.688965 0.539062 0.004883 0.003906
0 0.268066 0.520508 0.006836 0.003906
1 0.135254 0.688965 0.006836 0.006836
1 0.178223 0.720703 0.055664 0.087891
1 0.125000 0.652344 0.009766 0.015625
1 0.133789 0.629883 0.011719 0.013672
1 0.282227 0.604980 0.007812 0.008789
1 0.236816 0.575195 0.036133 0.031250
1 0.256836 0.416992 0.019531 0.017578
1 0.746582 0.359375 0.008789 0.007812
1 0.761230 0.349609 0.006836 0.005859
1 0.740234 0.348633 0.005859 0.011719
2 0.700684 0.444336 0.004883 0.003906
2 0.072266 0.441895 0.003906 0.004883
2 0.306641 0.412109 0.005859 0.003906
2 0.666016 0.378906 0.003906 0.005859
2 0.255859 0.358398 0.003906 0.003906
2 0.236328 0.323730 0.007812 0.004883
2 0.235352 0.311523 0.003906 0.003906
2 0.279785 0.290527 0.002930 0.006836
4 0.464844 0.347656 0.117188 0.109375