0 0.389648 0.817871 0.005859 0.006836
0 0.247070 0.756348 0.003906 0.004883
0 0.205078 0.754883 0.005859 0.005859
0 0.248047 0.749023 0.003906 0.003906
0 0.160156 0.728516 0.003906 0.003906
0 0.159180 0.723633 0.005859 0.003906
0 0.270508 0.718750 0.005859 0.005859
0 0.317871 0.701660 0.006836 0.006836
0 0.518555 0.683594 0.005859 0.005859
0 0.169922 0.655273 0.003906 0.003906
0 0.367676 0.636230 0.004883 0.006836
0 0.485840 0.626465 0.004883 0.004883
0 0.494629 0.624512 0.004883 0.004883
0 0.329590 0.551270 0.006836 0.006836
0 0.199219 0.537109 0.005859 0.005859
0 0.410645 0.507812 0.006836 0.007812
0 0.512207 0.498047 0.004883 0.005859
0 0.459473 0.481934 0.004883 0.004883
0 0.350586 0.399902 0.005859 0.004883
0 0.791016 0.359375 0.003906 0.003906
0 0.226074 0.356445 0.006836 0.005859
0 0.198730 0.352051 0.004883 0.004883
0 0.205078 0.348633 0.003906 0.003906
0 0.327148 0.284180 0.005859 0.007812
0 0.258301 0.279785 0.004883 0.004883
0 0.718262 0.237793 0.004883 0.004883
1 0.426270 0.807617 0.057617 0.033203
1 0.251465 0.793457 0.004883 0.008789
1 0.632812 0.787598 0.009766 0.008789
1 0.472656 0.780273 0.011719 0.013672
1 0.539062 0.755859 0.017578 0.011719
1 0.618164 0.750000 0.033203 0.027344
1 0.518555 0.712402 0.025391 0.016602
1 0.653809 0.698242 0.016602 0.015625
1 0.607422 0.697754 0.019531 0.020508
1 0.445801 0.683105 0.055664 0.038086
1 0.422852 0.659668 0.007812 0.006836
1 0.151855 0.650391 0.012695 0.015625
1 0.729004 0.627930 0.004883 0.015625
1 0.120117 0.626465 0.013672 0.016602
1 0.137695 0.613281 0.009766 0.013672
1 0.226074 0.631348 0.038086 0.051758
1 0.204102 0.603027 0.007812 0.006836
1 0.110352 0.648438 0.058594 0.111328
1 0.268555 0.583984 0.009766 0.013672
1 0.162109 0.604004 0.037109 0.059570
1 0.435547 0.572754 0.019531 0.014648
1 0.201172 0.572754 0.023438 0.026367
1 0.183594 0.564453 0.005859 0.011719
1 0.525391 0.540527 0.029297 0.020508
1 0.806152 0.524902 0.096680 0.106445
1 0.770996 0.478027 0.059570 0.038086
1 0.821777 0.433105 0.028320 0.043945
1 0.817383 0.393066 0.052734 0.030273
1 0.297363 0.375000 0.036133 0.029297
1 0.205078 0.364258 0.007812 0.015625
1 0.182617 0.343262 0.011719 0.016602
1 0.233887 0.330566 0.018555 0.018555
1 0.264648 0.335449 0.023438 0.034180
1 0.205078 0.324219 0.015625 0.027344
1 0.714355 0.311523 0.024414 0.017578
1 0.364746 0.309570 0.012695 0.013672
1 0.314941 0.308594 0.043945 0.037109
1 0.242188 0.298828 0.058594 0.044922
1 0.283203 0.275391 0.025391 0.025391
1 0.607910 0.253906 0.028320 0.023438
1 0.568359 0.208008 0.023438 0.013672
1 0.587402 0.194336 0.014648 0.015625
1 0.560547 0.184570 0.025391 0.019531
2 0.184082 0.745605 0.006836 0.006836
2 0.477051 0.717285 0.004883 0.010742
2 0.342285 0.705078 0.004883 0.007812
2 0.498047 0.695312 0.003906 0.003906
2 0.363770 0.693848 0.008789 0.008789
2 0.748047 0.686035 0.011719 0.010742
2 0.775879 0.677246 0.004883 0.004883
2 0.498535 0.661133 0.004883 0.005859
2 0.467773 0.655762 0.003906 0.004883
2 0.452148 0.631836 0.003906 0.007812
2 0.281250 0.620605 0.003906 0.004883
2 0.761719 0.622070 0.005859 0.009766
2 0.737793 0.586914 0.006836 0.003906
2 0.333984 0.529785 0.003906 0.004883
2 0.757812 0.521484 0.009766 0.009766
2 0.750000 0.500000 0.009766 0.009766
2 0.381348 0.406738 0.004883 0.010742
2 0.353027 0.347168 0.002930 0.004883
2 0.708984 0.292480 0.015625 0.010742
2 0.696289 0.279297 0.013672 0.015625
2 0.722656 0.262695 0.033203 0.031250
2 0.705566 0.246582 0.006836 0.008789
2 0.706055 0.237793 0.005859 0.006836
2 0.726074 0.229980 0.012695 0.008789
2 0.729492 0.220703 0.005859 0.005859
2 0.703125 0.217773 0.005859 0.009766
2 0.720215 0.208984 0.008789 0.005859
2 0.680176 0.203613 0.006836 0.010742
4 0.672852 0.481445 0.113281 0.113281