0 0.515625 0.795898 0.003906 0.003906
0 0.531250 0.789551 0.005859 0.004883
0 0.640137 0.781738 0.004883 0.004883
0 0.537109 0.777344 0.005859 0.005859
0 0.497070 0.774902 0.007812 0.006836
0 0.588379 0.759277 0.004883 0.004883
0 0.463867 0.718262 0.005859 0.004883
0 0.435059 0.687500 0.008789 0.009766
0 0.683105 0.679199 0.004883 0.004883
0 0.282227 0.676270 0.005859 0.004883
0 0.446777 0.655273 0.004883 0.005859
0 0.413086 0.655273 0.005859 0.005859
0 0.210449 0.652832 0.004883 0.008789
0 0.424316 0.649414 0.006836 0.005859
0 0.795898 0.646973 0.003906 0.004883
0 0.577148 0.645508 0.003906 0.003906
0 0.496582 0.640137 0.004883 0.004883
0 0.388184 0.636719 0.008789 0.009766
0 0.759277 0.626465 0.004883 0.004883
0 0.646973 0.624512 0.004883 0.004883
0 0.708496 0.604492 0.004883 0.005859
0 0.488770 0.598145 0.006836 0.004883
0 0.765625 0.593750 0.003906 0.003906
0 0.720703 0.587891 0.003906 0.003906
0 0.783203 0.576172 0.003906 0.003906
0 0.751465 0.573730 0.006836 0.006836
0 0.824219 0.570801 0.003906 0.004883
0 0.772461 0.567871 0.003906 0.004883
0 0.808594 0.558594 0.005859 0.005859
0 0.771973 0.555176 0.004883 0.004883
0 0.600586 0.549805 0.003906 0.003906
0 0.761719 0.539551 0.005859 0.006836
0 0.731445 0.530762 0.005859 0.004883
0 0.077148 0.529297 0.005859 0.005859
0 0.755859 0.527832 0.003906 0.004883
0 0.800781 0.501465 0.005859 0.006836
0 0.607422 0.494629 0.005859 0.004883
0 0.825195 0.479980 0.003906 0.004883
0 0.512207 0.479492 0.006836 0.005859
0 0.834961 0.472656 0.003906 0.003906
0 0.541504 0.473633 0.004883 0.005859
0 0.510742 0.470703 0.005859 0.005859
0 0.812012 0.469238 0.004883 0.004883
0 0.651367 0.471680 0.009766 0.009766
0 0.792480 0.468750 0.004883 0.005859
0 0.506836 0.464844 0.003906 0.003906
0 0.484375 0.462891 0.003906 0.003906
0 0.648926 0.445801 0.004883 0.004883
0 0.337891 0.438477 0.003906 0.003906
0 0.658203 0.437500 0.005859 0.005859
0 0.515137 0.434082 0.004883 0.004883
0 0.710449 0.432129 0.004883 0.004883
0 0.461426 0.433105 0.004883 0.008789
0 0.824219 0.428223 0.003906 0.004883
0 0.813477 0.419922 0.003906 0.005859
0 0.849609 0.416016 0.003906 0.003906
0 0.567871 0.414062 0.006836 0.005859
0 0.398926 0.411621 0.004883 0.004883
0 0.390625 0.410156 0.003906 0.003906
0 0.402832 0.404785 0.004883 0.004883
0 0.823242 0.399414 0.003906 0.003906
0 0.530762 0.388184 0.004883 0.004883
0 0.613281 0.372559 0.005859 0.004883
0 0.156738 0.368652 0.004883 0.004883
0 0.755371 0.366699 0.004883 0.004883
0 0.668945 0.362305 0.005859 0.005859
0 0.655762 0.354492 0.004883 0.003906
0 0.708496 0.336914 0.004883 0.003906
0 0.627441 0.335449 0.004883 0.004883
0 0.768066 0.332031 0.004883 0.003906
0 0.524414 0.330566 0.003906 0.004883
0 0.512695 0.331055 0.005859 0.005859
0 0.469727 0.321289 0.003906 0.003906
0 0.744629 0.305176 0.006836 0.006836
0 0.475586 0.302246 0.005859 0.004883
0 0.476074 0.295410 0.004883 0.004883
0 0.485840 0.278320 0.006836 0.005859
0 0.604004 0.268555 0.004883 0.005859
0 0.400391 0.267090 0.003906 0.004883
0 0.734863 0.222168 0.004883 0.004883
1 0.540039 0.802246 0.009766 0.004883
1 0.674805 0.804688 0.013672 0.011719
1 0.548828 0.780762 0.003906 0.006836
1 0.654785 0.785645 0.024414 0.026367
1 0.283203 0.775391 0.013672 0.015625
1 0.543457 0.769531 0.004883 0.007812
1 0.526855 0.763184 0.012695 0.010742
1 0.649902 0.719238 0.018555 0.012695
1 0.498047 0.715820 0.013672 0.005859
1 0.450195 0.703613 0.009766 0.006836
1 0.162109 0.709961 0.011719 0.023438
1 0.567871 0.687012 0.008789 0.004883
1 0.192871 0.685547 0.002930 0.005859
1 0.495117 0.683105 0.007812 0.004883
1 0.145020 0.692383 0.018555 0.025391
1 0.457520 0.679688 0.010742 0.003906
1 0.491699 0.672363 0.010742 0.006836
1 0.445801 0.668945 0.008789 0.007812
1 0.184570 0.666504 0.003906 0.006836
1 0.428223 0.663574 0.014648 0.006836
1 0.175781 0.666992 0.005859 0.017578
1 0.788086 0.647949 0.007812 0.006836
1 0.434570 0.643066 0.009766 0.008789
1 0.811523 0.642090 0.007812 0.008789
1 0.202637 0.641602 0.004883 0.009766
1 0.734375 0.637207 0.007812 0.010742
1 0.497070 0.635254 0.009766 0.006836
1 0.364746 0.638184 0.051758 0.038086
1 0.764160 0.620117 0.002930 0.005859
1 0.166016 0.638184 0.056641 0.053711
1 0.156738 0.611816 0.055664 0.030273
1 0.751465 0.589355 0.010742 0.006836
1 0.809082 0.586426 0.012695 0.008789
1 0.841797 0.573730 0.009766 0.010742
1 0.792969 0.572266 0.007812 0.007812
1 0.670898 0.563477 0.005859 0.009766
1 0.778809 0.560547 0.004883 0.007812
1 0.833496 0.548340 0.010742 0.006836
1 0.679688 0.549805 0.011719 0.011719
1 0.795898 0.553711 0.019531 0.025391
1 0.364746 0.537109 0.018555 0.005859
1 0.357422 0.529297 0.021484 0.007812
1 0.789062 0.523926 0.009766 0.012695
1 0.811523 0.519043 0.007812 0.008789
1 0.684082 0.514648 0.012695 0.007812
1 0.398438 0.515137 0.027344 0.008789
1 0.744629 0.514648 0.010742 0.011719
1 0.458984 0.508301 0.007812 0.006836
1 0.562500 0.507812 0.005859 0.007812
1 0.087891 0.511719 0.035156 0.025391
1 0.354004 0.509766 0.032227 0.025391
1 0.125488 0.492676 0.008789 0.014648
1 0.185547 0.501953 0.029297 0.035156
1 0.783691 0.490234 0.020508 0.021484
1 0.077148 0.482422 0.019531 0.017578
1 0.493652 0.470215 0.006836 0.004883
1 0.761230 0.476562 0.028320 0.031250
1 0.805664 0.463867 0.009766 0.007812
1 0.553711 0.463867 0.007812 0.009766
1 0.596680 0.473633 0.011719 0.031250
1 0.679688 0.460449 0.009766 0.018555
1 0.631348 0.437500 0.008789 0.007812
1 0.530762 0.426270 0.010742 0.002930
1 0.516113 0.425781 0.008789 0.005859
1 0.640625 0.417969 0.005859 0.009766
1 0.692383 0.420410 0.013672 0.016602
1 0.109375 0.416992 0.015625 0.011719
1 0.765137 0.415039 0.008789 0.011719
1 0.578613 0.409668 0.012695 0.010742
1 0.623047 0.416016 0.025391 0.025391
1 0.173828 0.409668 0.015625 0.016602
1 0.643555 0.399414 0.007812 0.009766
1 0.151367 0.394531 0.011719 0.007812
1 0.119141 0.396484 0.037109 0.017578
1 0.575684 0.391602 0.022461 0.025391
1 0.648926 0.375488 0.008789 0.008789
1 0.541992 0.373047 0.017578 0.007812
1 0.467773 0.381348 0.039062 0.026367
1 0.658691 0.369629 0.008789 0.010742
1 0.635742 0.365723 0.009766 0.008789
1 0.615723 0.361816 0.008789 0.004883
1 0.458984 0.360840 0.005859 0.004883
1 0.758789 0.361328 0.007812 0.007812
1 0.541992 0.361328 0.005859 0.013672
1 0.645020 0.355957 0.006836 0.008789
1 0.554199 0.352051 0.012695 0.014648
1 0.117188 0.354980 0.019531 0.026367
1 0.549805 0.342285 0.015625 0.012695
1 0.819824 0.332520 0.010742 0.008789
1 0.144043 0.341309 0.022461 0.032227
1 0.582520 0.348145 0.059570 0.051758
1 0.672363 0.326660 0.024414 0.022461
1 0.230469 0.317871 0.009766 0.012695
1 0.521484 0.310059 0.007812 0.008789
1 0.733887 0.314941 0.018555 0.022461
1 0.723633 0.293945 0.011719 0.011719
1 0.581055 0.299805 0.050781 0.029297
1 0.763184 0.286133 0.028320 0.013672
1 0.640137 0.250000 0.077148 0.042969
1 0.728516 0.225098 0.007812 0.006836
1 0.411133 0.191895 0.021484 0.020508
1 0.362305 0.192871 0.031250 0.026367
2 0.619629 0.755859 0.006836 0.005859
2 0.259766 0.755859 0.005859 0.005859
2 0.219238 0.706055 0.006836 0.005859
2 0.536133 0.684082 0.003906 0.004883
2 0.484863 0.681641 0.004883 0.005859
2 0.552246 0.675293 0.004883 0.006836
2 0.509277 0.675293 0.008789 0.006836
2 0.483398 0.673340 0.007812 0.004883
2 0.491699 0.668945 0.004883 0.003906
2 0.529297 0.667969 0.005859 0.009766
2 0.516602 0.664551 0.007812 0.004883
2 0.508301 0.664551 0.010742 0.008789
2 0.531738 0.661133 0.004883 0.003906
2 0.477539 0.662598 0.005859 0.008789
2 0.460449 0.656738 0.004883 0.004883
2 0.547852 0.656738 0.003906 0.006836
2 0.522461 0.655762 0.003906 0.004883
2 0.453613 0.655762 0.004883 0.004883
2 0.533691 0.650391 0.002930 0.005859
2 0.550293 0.647461 0.012695 0.005859
2 0.507812 0.644043 0.005859 0.004883
2 0.530273 0.637207 0.003906 0.004883
2 0.537109 0.638184 0.005859 0.012695
2 0.548340 0.625488 0.006836 0.006836
2 0.511719 0.619629 0.007812 0.006836
2 0.520508 0.616699 0.003906 0.006836
2 0.438477 0.615234 0.003906 0.003906
2 0.532715 0.615234 0.004883 0.007812
2 0.484863 0.611328 0.004883 0.003906
2 0.349609 0.612305 0.005859 0.005859
2 0.426758 0.610352 0.009766 0.007812
2 0.417480 0.610352 0.006836 0.007812
2 0.375977 0.608887 0.009766 0.008789
2 0.502930 0.605469 0.005859 0.005859
2 0.525879 0.603516 0.004883 0.003906
2 0.420898 0.601562 0.005859 0.005859
2 0.495605 0.599609 0.004883 0.003906
2 0.474609 0.602051 0.013672 0.014648
2 0.344727 0.597168 0.005859 0.006836
2 0.434082 0.596191 0.006836 0.006836
2 0.355957 0.596680 0.004883 0.009766
2 0.389160 0.595703 0.002930 0.009766
2 0.413086 0.586426 0.005859 0.004883
2 0.347168 0.564453 0.004883 0.003906
2 0.576172 0.553223 0.007812 0.004883
2 0.587891 0.547363 0.003906 0.004883
2 0.593262 0.547363 0.004883 0.006836
2 0.344238 0.547363 0.004883 0.006836
2 0.578125 0.545898 0.011719 0.005859
2 0.119629 0.544922 0.004883 0.005859
2 0.619629 0.536621 0.006836 0.006836
2 0.583496 0.535156 0.004883 0.007812
2 0.630371 0.532227 0.004883 0.007812
2 0.545410 0.531250 0.006836 0.005859
2 0.572266 0.531250 0.011719 0.015625
2 0.530273 0.511230 0.007812 0.008789
2 0.620605 0.505859 0.004883 0.003906
2 0.540527 0.494141 0.006836 0.011719
2 0.373535 0.472656 0.006836 0.005859
2 0.346191 0.470703 0.006836 0.007812
2 0.350586 0.460938 0.003906 0.007812
2 0.516113 0.457031 0.008789 0.007812
2 0.481445 0.454102 0.003906 0.005859
2 0.382812 0.432617 0.005859 0.007812
2 0.437500 0.423828 0.009766 0.005859
2 0.661133 0.424316 0.005859 0.008789
2 0.606934 0.422363 0.004883 0.004883
2 0.497070 0.422363 0.003906 0.004883
2 0.584473 0.420898 0.004883 0.007812
2 0.424316 0.417480 0.010742 0.008789
2 0.596680 0.410645 0.003906 0.006836
2 0.475098 0.401855 0.006836 0.006836
2 0.497559 0.399902 0.006836 0.010742
2 0.441406 0.391602 0.003906 0.005859
2 0.591797 0.381836 0.003906 0.005859
2 0.423340 0.380371 0.004883 0.004883
2 0.500000 0.375488 0.005859 0.004883
2 0.484375 0.312988 0.013672 0.010742
2 0.493164 0.306641 0.003906 0.005859
2 0.260254 0.279297 0.006836 0.005859
3 0.147949 0.727051 0.018555 0.024414
4 0.259766 0.510254 0.121094 0.133789