0 0.566895 0.801270 0.004883 0.004883
0 0.620117 0.515137 0.005859 0.004883
0 0.655273 0.513184 0.003906 0.004883
2 0.541016 0.542969 0.009766 0.009766
2 0.624512 0.547852 0.018555 0.021484
2 0.585938 0.531250 0.005859 0.005859
2 0.617188 0.534180 0.015625 0.015625
2 0.672363 0.524414 0.038086 0.033203
2 0.557129 0.509277 0.004883 0.006836
2 0.598633 0.518555 0.025391 0.027344
2 0.657227 0.499512 0.007812 0.008789
2 0.563965 0.496094 0.004883 0.003906
2 0.623535 0.485840 0.004883 0.004883
2 0.677734 0.493164 0.015625 0.029297
2 0.606445 0.479004 0.005859 0.004883
2 0.545898 0.479492 0.005859 0.005859
2 0.536133 0.483887 0.011719 0.018555
2 0.524902 0.478027 0.008789 0.006836
2 0.635742 0.473633 0.005859 0.003906
2 0.681641 0.467773 0.003906 0.003906
2 0.582031 0.468262 0.007812 0.006836
2 0.656250 0.476074 0.017578 0.024414
2 0.630371 0.466309 0.008789 0.008789
2 0.526855 0.465820 0.004883 0.007812
2 0.668945 0.461914 0.005859 0.003906
2 0.834961 0.464355 0.007812 0.016602
2 0.613770 0.458008 0.006836 0.003906
2 0.554688 0.458984 0.007812 0.009766
2 0.642578 0.458496 0.009766 0.010742
2 0.634766 0.455078 0.003906 0.003906
2 0.725098 0.454102 0.006836 0.007812
2 0.625488 0.455078 0.010742 0.011719
2 0.640625 0.450195 0.007812 0.003906
2 0.526367 0.450684 0.007812 0.006836
2 0.717285 0.437988 0.004883 0.004883
2 0.548828 0.439941 0.003906 0.008789
2 0.672363 0.435547 0.004883 0.005859
2 0.608887 0.429199 0.008789 0.006836
2 0.590820 0.434082 0.035156 0.041992
2 0.547852 0.402344 0.013672 0.013672
2 0.548340 0.391113 0.004883 0.006836
4 0.260742 0.474121 0.117188 0.133789