0 0.453613 0.818359 0.004883 0.003906
0 0.586426 0.807617 0.008789 0.007812
0 0.551758 0.803223 0.003906 0.004883
0 0.642578 0.781250 0.005859 0.005859
0 0.561523 0.773438 0.003906 0.003906
0 0.433594 0.723633 0.003906 0.003906
0 0.391113 0.666992 0.004883 0.003906
0 0.343750 0.665039 0.005859 0.005859
0 0.437500 0.661621 0.003906 0.004883
0 0.442871 0.651367 0.004883 0.005859
0 0.127930 0.650391 0.003906 0.003906
0 0.678223 0.648438 0.004883 0.005859
0 0.723145 0.603027 0.004883 0.004883
0 0.253418 0.604980 0.008789 0.008789
0 0.211914 0.603516 0.007812 0.005859
0 0.170898 0.597168 0.003906 0.004883
0 0.709473 0.585449 0.006836 0.004883
0 0.175781 0.580078 0.003906 0.003906
0 0.449219 0.578613 0.005859 0.006836
0 0.415039 0.576660 0.003906 0.004883
0 0.383789 0.576660 0.007812 0.006836
0 0.544922 0.539062 0.007812 0.005859
0 0.177734 0.522461 0.003906 0.003906
0 0.548828 0.519531 0.003906 0.003906
0 0.841797 0.516113 0.005859 0.004883
0 0.187012 0.497559 0.004883 0.004883
0 0.207520 0.490723 0.004883 0.004883
0 0.146973 0.490234 0.006836 0.005859
0 0.419434 0.486328 0.006836 0.003906
0 0.537598 0.479492 0.006836 0.005859
0 0.442871 0.478027 0.004883 0.008789
0 0.552734 0.470215 0.007812 0.006836
0 0.549805 0.465332 0.005859 0.002930
0 0.391602 0.453125 0.005859 0.005859
0 0.356445 0.444336 0.003906 0.005859
0 0.333496 0.444824 0.004883 0.006836
0 0.304199 0.442383 0.004883 0.005859
0 0.394043 0.411133 0.004883 0.003906
0 0.292969 0.408691 0.003906 0.004883
0 0.386230 0.382324 0.004883 0.004883
0 0.265137 0.357910 0.004883 0.004883
0 0.479492 0.355957 0.005859 0.004883
0 0.271484 0.354980 0.005859 0.004883
0 0.395508 0.352539 0.007812 0.007812
0 0.344238 0.348145 0.006836 0.004883
0 0.464355 0.347168 0.004883 0.004883
0 0.396973 0.344727 0.006836 0.005859
0 0.700684 0.341797 0.004883 0.005859
0 0.456543 0.342773 0.006836 0.007812
0 0.173340 0.324219 0.004883 0.003906
0 0.476074 0.321289 0.004883 0.003906
0 0.267578 0.320312 0.003906 0.003906
0 0.675781 0.314941 0.005859 0.004883
0 0.291016 0.312988 0.005859 0.004883
0 0.284180 0.302734 0.005859 0.003906
0 0.662598 0.300781 0.004883 0.003906
0 0.220215 0.293945 0.004883 0.005859
0 0.778809 0.282227 0.004883 0.005859
0 0.485352 0.280273 0.003906 0.003906
0 0.642578 0.281738 0.009766 0.008789
0 0.753906 0.274902 0.003906 0.006836
0 0.468750 0.271973 0.007812 0.004883
0 0.469238 0.257812 0.008789 0.005859
0 0.194336 0.251953 0.003906 0.003906
0 0.253418 0.228516 0.004883 0.003906
0 0.390625 0.222656 0.005859 0.007812
0 0.226074 0.205078 0.006836 0.005859
0 0.696289 0.177734 0.003906 0.003906
1 0.708496 0.785156 0.016602 0.013672
1 0.343750 0.764160 0.013672 0.006836
1 0.352539 0.762207 0.009766 0.008789
1 0.343262 0.741699 0.008789 0.016602
1 0.311035 0.730957 0.008789 0.008789
1 0.252930 0.723633 0.005859 0.003906
1 0.653320 0.724121 0.009766 0.018555
1 0.504883 0.669434 0.015625 0.010742
1 0.524902 0.666016 0.006836 0.005859
1 0.697266 0.661621 0.005859 0.012695
1 0.509766 0.645020 0.007812 0.006836
1 0.603027 0.632812 0.004883 0.007812
1 0.703125 0.630371 0.013672 0.024414
1 0.495117 0.616699 0.009766 0.010742
1 0.687988 0.606934 0.016602 0.018555
1 0.407715 0.560547 0.004883 0.007812
1 0.167969 0.510254 0.007812 0.008789
1 0.152832 0.482910 0.006836 0.006836
1 0.189941 0.465820 0.010742 0.009766
1 0.155762 0.449219 0.006836 0.003906
1 0.387695 0.445312 0.009766 0.005859
1 0.294922 0.416016 0.005859 0.007812
1 0.092773 0.407715 0.003906 0.006836
1 0.304688 0.407227 0.015625 0.009766
1 0.173340 0.374512 0.010742 0.012695
1 0.185547 0.370117 0.003906 0.005859
1 0.187500 0.355957 0.003906 0.004883
1 0.692383 0.334473 0.009766 0.014648
1 0.119629 0.316895 0.004883 0.004883
1 0.724121 0.263672 0.004883 0.013672
1 0.490723 0.263184 0.010742 0.016602
1 0.341309 0.203125 0.020508 0.011719
1 0.600586 0.177734 0.021484 0.019531
2 0.335449 0.681152 0.004883 0.004883
2 0.362793 0.643066 0.006836 0.004883
2 0.336426 0.636230 0.004883 0.004883
2 0.306641 0.634766 0.005859 0.005859
2 0.478516 0.628418 0.003906 0.006836
2 0.466309 0.626465 0.006836 0.004883
2 0.458496 0.616211 0.004883 0.003906
2 0.479004 0.602051 0.006836 0.004883
2 0.467773 0.602539 0.003906 0.005859
2 0.530273 0.601074 0.003906 0.004883
2 0.490723 0.592773 0.006836 0.009766
2 0.316406 0.568848 0.011719 0.010742
2 0.330566 0.562500 0.012695 0.013672
2 0.810547 0.546387 0.005859 0.004883
2 0.777832 0.532227 0.004883 0.003906
2 0.855469 0.537109 0.009766 0.019531
2 0.177246 0.515625 0.008789 0.009766
2 0.774902 0.512207 0.008789 0.006836
2 0.797852 0.511230 0.009766 0.006836
2 0.288574 0.506836 0.004883 0.003906
2 0.160156 0.506836 0.003906 0.003906
2 0.184570 0.507324 0.007812 0.006836
2 0.782227 0.501953 0.003906 0.005859
2 0.162109 0.495605 0.005859 0.004883
2 0.299316 0.497070 0.008789 0.009766
2 0.760254 0.491211 0.006836 0.005859
2 0.379395 0.492188 0.008789 0.007812
2 0.358398 0.484863 0.007812 0.004883
2 0.810059 0.480957 0.010742 0.006836
2 0.319336 0.479980 0.007812 0.006836
2 0.289062 0.483398 0.021484 0.015625
2 0.267090 0.478516 0.006836 0.005859
2 0.330078 0.499023 0.076172 0.048828
2 0.295410 0.475586 0.006836 0.003906
2 0.804199 0.470215 0.006836 0.002930
2 0.816406 0.469238 0.013672 0.008789
2 0.332031 0.466797 0.017578 0.007812
2 0.802246 0.464844 0.008789 0.005859
2 0.290039 0.464844 0.005859 0.005859
2 0.834473 0.461426 0.004883 0.006836
2 0.389648 0.473145 0.027344 0.030273
2 0.279297 0.465820 0.021484 0.017578
2 0.818848 0.458008 0.012695 0.007812
2 0.280762 0.455566 0.004883 0.004883
2 0.381348 0.454590 0.004883 0.006836
2 0.171387 0.452148 0.004883 0.003906
2 0.261230 0.460938 0.016602 0.025391
2 0.279297 0.449707 0.003906 0.004883
2 0.379883 0.448242 0.003906 0.003906
2 0.404297 0.453613 0.013672 0.022461
2 0.300293 0.445312 0.004883 0.005859
2 0.228027 0.440430 0.006836 0.003906
2 0.182129 0.438477 0.004883 0.003906
2 0.429199 0.436523 0.004883 0.003906
2 0.422852 0.436523 0.005859 0.003906
2 0.433105 0.433105 0.004883 0.002930
2 0.413086 0.432129 0.007812 0.004883
2 0.281738 0.436035 0.010742 0.012695
2 0.219238 0.430176 0.006836 0.004883
2 0.261719 0.437500 0.023438 0.021484
2 0.348633 0.427246 0.007812 0.004883
2 0.408203 0.423340 0.005859 0.002930
2 0.254883 0.423340 0.007812 0.002930
2 0.224121 0.422852 0.004883 0.003906
2 0.217285 0.422852 0.004883 0.005859
2 0.265137 0.414551 0.006836 0.006836
2 0.412598 0.410645 0.004883 0.002930
2 0.227539 0.414062 0.009766 0.011719
2 0.330078 0.410156 0.005859 0.005859
2 0.248535 0.412598 0.020508 0.012695
2 0.444824 0.404297 0.006836 0.005859
2 0.375488 0.403809 0.004883 0.004883
2 0.344727 0.405762 0.007812 0.008789
2 0.263672 0.403320 0.009766 0.007812
2 0.424316 0.410156 0.018555 0.025391
2 0.218262 0.399902 0.008789 0.006836
2 0.466797 0.397949 0.007812 0.004883
2 0.338379 0.396484 0.008789 0.007812
2 0.465820 0.392578 0.013672 0.003906
2 0.808105 0.391602 0.006836 0.005859
2 0.481934 0.391602 0.010742 0.007812
2 0.839355 0.384277 0.004883 0.004883
2 0.364258 0.400879 0.064453 0.041992
2 0.256348 0.390137 0.038086 0.020508
2 0.469238 0.380371 0.008789 0.008789
2 0.427734 0.383301 0.070312 0.020508
2 0.314453 0.375000 0.009766 0.003906
2 0.268555 0.375488 0.009766 0.004883
2 0.248047 0.377930 0.025391 0.009766
2 0.501465 0.374512 0.006836 0.006836
2 0.459473 0.373535 0.006836 0.006836
2 0.398438 0.370605 0.007812 0.004883
2 0.443848 0.366211 0.012695 0.007812
2 0.275879 0.362793 0.008789 0.004883
2 0.414062 0.365234 0.021484 0.013672
2 0.347168 0.362793 0.012695 0.010742
2 0.254395 0.364746 0.008789 0.014648
2 0.229004 0.358398 0.004883 0.003906
2 0.431641 0.357422 0.013672 0.005859
2 0.415527 0.354980 0.004883 0.004883
2 0.513672 0.346191 0.003906 0.004883
2 0.241699 0.345215 0.006836 0.004883
2 0.336426 0.339844 0.004883 0.003906
2 0.448242 0.339844 0.005859 0.005859
2 0.365234 0.357910 0.035156 0.041992
2 0.248047 0.339844 0.005859 0.005859
2 0.435059 0.337891 0.004883 0.003906
2 0.392090 0.337402 0.006836 0.002930
2 0.479492 0.337891 0.007812 0.007812
2 0.408203 0.336914 0.005859 0.005859
2 0.295410 0.351074 0.073242 0.036133
2 0.363770 0.334961 0.006836 0.009766
2 0.335938 0.333496 0.019531 0.008789
2 0.280273 0.331543 0.013672 0.006836
2 0.260742 0.330566 0.009766 0.004883
2 0.429199 0.329590 0.004883 0.006836
2 0.458984 0.324219 0.005859 0.003906
2 0.417480 0.332520 0.014648 0.020508
2 0.304199 0.327637 0.012695 0.010742
2 0.386230 0.325195 0.020508 0.015625
2 0.434082 0.319336 0.026367 0.017578
2 0.804688 0.310547 0.007812 0.005859
2 0.263672 0.310059 0.005859 0.004883
3 0.362305 0.746582 0.033203 0.026367
3 0.383301 0.740234 0.016602 0.021484
3 0.151855 0.732910 0.028320 0.040039
3 0.523926 0.533691 0.038086 0.032227
3 0.461914 0.508301 0.029297 0.032227
3 0.422852 0.478516 0.015625 0.017578
3 0.179199 0.293945 0.016602 0.015625
3 0.177246 0.263672 0.045898 0.033203
4 0.662109 0.490723 0.119141 0.127930