0 0.510254 0.613770 0.004883 0.004883
0 0.632812 0.604980 0.007812 0.006836
0 0.254395 0.585449 0.004883 0.004883
0 0.589844 0.582520 0.005859 0.006836
0 0.263184 0.576172 0.004883 0.003906
0 0.565918 0.573242 0.004883 0.003906
0 0.584961 0.572266 0.005859 0.005859
0 0.442383 0.565430 0.005859 0.005859
0 0.574707 0.560547 0.004883 0.003906
0 0.626465 0.517090 0.006836 0.006836
0 0.587402 0.501953 0.004883 0.003906
0 0.610352 0.494629 0.003906 0.004883
0 0.143066 0.482910 0.006836 0.006836
0 0.603027 0.451172 0.004883 0.005859
0 0.677734 0.395508 0.007812 0.007812
0 0.212402 0.369141 0.004883 0.003906
0 0.562500 0.364258 0.005859 0.005859
0 0.179199 0.329590 0.010742 0.010742
0 0.565918 0.325684 0.004883 0.004883
0 0.556641 0.302246 0.007812 0.006836
0 0.293945 0.291504 0.003906 0.004883
0 0.353516 0.265137 0.005859 0.004883
0 0.338867 0.249023 0.003906 0.003906
0 0.352051 0.192383 0.006836 0.005859
1 0.501953 0.800781 0.023438 0.009766
1 0.579590 0.787109 0.018555 0.017578
1 0.516602 0.720215 0.027344 0.020508
1 0.174805 0.696777 0.044922 0.034180
1 0.179688 0.643066 0.042969 0.065430
1 0.816895 0.591797 0.030273 0.033203
1 0.707520 0.562988 0.014648 0.012695
1 0.087891 0.562500 0.027344 0.011719
1 0.754883 0.571289 0.037109 0.039062
1 0.122070 0.545410 0.031250 0.022461
1 0.676758 0.510742 0.013672 0.007812
1 0.804688 0.507812 0.017578 0.015625
1 0.341309 0.496582 0.018555 0.004883
1 0.631348 0.495117 0.018555 0.013672
1 0.716309 0.498047 0.077148 0.087891
1 0.589355 0.463379 0.018555 0.028320
1 0.430176 0.462891 0.030273 0.027344
1 0.088867 0.479980 0.046875 0.073242
1 0.347656 0.432617 0.019531 0.013672
1 0.578125 0.431641 0.025391 0.017578
1 0.470703 0.423828 0.011719 0.007812
1 0.111328 0.436035 0.019531 0.043945
1 0.177246 0.414551 0.024414 0.030273
1 0.620605 0.405273 0.016602 0.019531
1 0.603027 0.374512 0.010742 0.008789
1 0.539551 0.386230 0.028320 0.036133
1 0.114746 0.370117 0.018555 0.015625
1 0.377930 0.343750 0.011719 0.009766
1 0.552246 0.334961 0.008789 0.005859
1 0.543945 0.315430 0.009766 0.011719
1 0.503906 0.338379 0.068359 0.059570
1 0.158691 0.314941 0.006836 0.014648
1 0.647461 0.268555 0.023438 0.027344
1 0.495117 0.277832 0.103516 0.084961
2 0.578125 0.654785 0.005859 0.004883
2 0.594238 0.617188 0.014648 0.009766
2 0.564941 0.580566 0.008789 0.010742
2 0.584961 0.536621 0.007812 0.006836
2 0.576660 0.524902 0.004883 0.006836
2 0.528320 0.525391 0.009766 0.007812
2 0.583008 0.522461 0.003906 0.003906
2 0.553711 0.520996 0.011719 0.006836
2 0.431641 0.518555 0.003906 0.003906
2 0.583008 0.517090 0.003906 0.004883
2 0.546875 0.511230 0.007812 0.010742
2 0.440430 0.492676 0.003906 0.004883
2 0.537109 0.480469 0.005859 0.005859
2 0.526367 0.488770 0.023438 0.032227
2 0.507812 0.479004 0.007812 0.012695
2 0.642090 0.477539 0.008789 0.015625
2 0.673828 0.469238 0.007812 0.008789
2 0.525391 0.452637 0.003906 0.004883
2 0.530273 0.446777 0.003906 0.006836
2 0.523926 0.427246 0.008789 0.008789
2 0.515137 0.420410 0.006836 0.008789
2 0.494629 0.399902 0.004883 0.004883
2 0.472656 0.360352 0.007812 0.005859
3 0.236328 0.722168 0.054688 0.047852
3 0.373047 0.475586 0.023438 0.041016
3 0.474609 0.293457 0.011719 0.020508
4 0.252930 0.470703 0.105469 0.121094