0 0.494629 0.575195 0.004883 0.003906
0 0.095215 0.500000 0.004883 0.003906
0 0.098145 0.493164 0.004883 0.003906
0 0.208496 0.352539 0.006836 0.005859
0 0.214844 0.345703 0.005859 0.005859
1 0.231445 0.539551 0.011719 0.006836
1 0.233887 0.377441 0.010742 0.016602
2 0.492188 0.614258 0.005859 0.005859
2 0.143555 0.522949 0.007812 0.010742
2 0.130859 0.518066 0.005859 0.004883
2 0.138184 0.517578 0.006836 0.009766
2 0.180664 0.510742 0.003906 0.003906
2 0.152344 0.509277 0.033203 0.018555
2 0.174316 0.500977 0.004883 0.005859
2 0.188965 0.500977 0.016602 0.015625
2 0.196289 0.492188 0.003906 0.003906
2 0.143555 0.493164 0.017578 0.013672
2 0.162598 0.487793 0.018555 0.008789
2 0.234375 0.485352 0.019531 0.015625
2 0.427246 0.479980 0.014648 0.010742
2 0.191895 0.469238 0.012695 0.022461
2 0.197754 0.455078 0.004883 0.007812
2 0.206055 0.454102 0.005859 0.007812
2 0.251953 0.462402 0.017578 0.028320
2 0.148926 0.452637 0.010742 0.008789
2 0.213379 0.453125 0.006836 0.015625
2 0.099609 0.443848 0.003906 0.006836
2 0.082031 0.443848 0.007812 0.010742
2 0.094727 0.434570 0.003906 0.005859
2 0.434570 0.428711 0.011719 0.011719
2 0.073730 0.429688 0.004883 0.013672
2 0.319336 0.375000 0.003906 0.009766
2 0.257812 0.373047 0.005859 0.011719
2 0.310547 0.371582 0.009766 0.016602
2 0.305664 0.357910 0.009766 0.008789
2 0.285645 0.353027 0.004883 0.006836
2 0.274902 0.343750 0.004883 0.005859
2 0.246094 0.343262 0.005859 0.012695
2 0.270996 0.336426 0.010742 0.006836
2 0.329102 0.334473 0.011719 0.012695
2 0.302734 0.315430 0.003906 0.005859
4 0.677246 0.519043 0.135742 0.143555