0 0.615723 0.754883 0.004883 0.005859
0 0.539062 0.681641 0.003906 0.003906
0 0.777832 0.629395 0.004883 0.004883
0 0.489258 0.576172 0.003906 0.003906
0 0.365234 0.514648 0.003906 0.003906
0 0.375488 0.502441 0.004883 0.004883
0 0.569824 0.465820 0.006836 0.007812
0 0.573242 0.358887 0.003906 0.004883
0 0.599609 0.339355 0.003906 0.004883
1 0.406738 0.687988 0.014648 0.006836
1 0.239258 0.688965 0.007812 0.010742
1 0.603027 0.682129 0.006836 0.004883
1 0.409180 0.679199 0.005859 0.006836
1 0.537109 0.670898 0.015625 0.011719
1 0.735840 0.659668 0.010742 0.010742
1 0.675293 0.604980 0.006836 0.006836
1 0.686523 0.596191 0.009766 0.018555
1 0.679199 0.576172 0.028320 0.021484
1 0.575684 0.570312 0.018555 0.019531
1 0.421875 0.565918 0.011719 0.012695
1 0.598145 0.537109 0.014648 0.011719
1 0.790527 0.519043 0.008789 0.006836
1 0.662109 0.498535 0.009766 0.006836
1 0.626465 0.468750 0.004883 0.007812
1 0.611328 0.446289 0.007812 0.003906
1 0.520996 0.382812 0.018555 0.017578
1 0.805176 0.350586 0.012695 0.011719
1 0.603027 0.321777 0.008789 0.012695
1 0.380371 0.319824 0.024414 0.016602
2 0.619629 0.627441 0.004883 0.004883
2 0.561035 0.578125 0.004883 0.003906
2 0.609863 0.544922 0.004883 0.003906
2 0.390625 0.522461 0.003906 0.003906
2 0.408691 0.518066 0.004883 0.004883
2 0.381348 0.516602 0.006836 0.003906
2 0.409180 0.499023 0.003906 0.005859
2 0.529785 0.397461 0.006836 0.003906
2 0.738281 0.248047 0.005859 0.003906
4 0.281738 0.506836 0.120117 0.128906