0 0.267578 0.797852 0.005859 0.003906
0 0.342285 0.793945 0.004883 0.005859
0 0.710449 0.753418 0.004883 0.004883
0 0.355957 0.735840 0.006836 0.006836
0 0.205078 0.726074 0.005859 0.006836
0 0.299316 0.721680 0.004883 0.005859
0 0.265137 0.679688 0.004883 0.003906
0 0.379395 0.678223 0.006836 0.006836
0 0.256836 0.677246 0.003906 0.004883
0 0.443359 0.666992 0.005859 0.005859
0 0.600586 0.662109 0.003906 0.003906
0 0.365234 0.641113 0.005859 0.006836
0 0.294922 0.618164 0.003906 0.003906
0 0.436035 0.614258 0.006836 0.005859
0 0.270996 0.613770 0.004883 0.004883
0 0.219238 0.611816 0.006836 0.006836
0 0.293945 0.606934 0.005859 0.002930
0 0.291504 0.597168 0.004883 0.004883
0 0.229492 0.579102 0.007812 0.007812
0 0.294434 0.541504 0.004883 0.004883
0 0.109375 0.540039 0.003906 0.003906
0 0.215820 0.507812 0.003906 0.003906
0 0.159668 0.476562 0.004883 0.003906
0 0.435059 0.474609 0.004883 0.005859
0 0.416016 0.459961 0.003906 0.003906
0 0.277344 0.433105 0.005859 0.004883
0 0.334961 0.418945 0.003906 0.003906
0 0.334961 0.402344 0.003906 0.003906
0 0.491211 0.286621 0.005859 0.004883
0 0.752930 0.264648 0.003906 0.003906
0 0.739746 0.260254 0.004883 0.004883
0 0.750977 0.256836 0.003906 0.003906
0 0.545898 0.254395 0.003906 0.004883
0 0.555176 0.252441 0.004883 0.004883
0 0.296875 0.219238 0.005859 0.006836
1 0.675781 0.795898 0.021484 0.017578
1 0.206055 0.789551 0.035156 0.026367
1 0.264160 0.741211 0.014648 0.013672
1 0.248047 0.743652 0.013672 0.022461
1 0.244629 0.718262 0.014648 0.018555
1 0.375977 0.701172 0.013672 0.011719
1 0.275391 0.672363 0.009766 0.010742
1 0.165039 0.496094 0.005859 0.007812
1 0.420410 0.473145 0.008789 0.004883
1 0.844238 0.475098 0.018555 0.016602
1 0.376465 0.466309 0.014648 0.012695
1 0.830078 0.464844 0.044922 0.039062
1 0.835449 0.432617 0.008789 0.007812
1 0.414551 0.237793 0.004883 0.006836
1 0.468750 0.235840 0.023438 0.014648
2 0.297852 0.816895 0.007812 0.004883
2 0.234375 0.765625 0.003906 0.003906
2 0.410156 0.621582 0.003906 0.004883
2 0.409180 0.541016 0.005859 0.005859
2 0.182129 0.511719 0.006836 0.005859
2 0.148438 0.504883 0.007812 0.003906
2 0.259277 0.500488 0.006836 0.004883
2 0.182617 0.498047 0.003906 0.003906
2 0.250977 0.491211 0.007812 0.005859
2 0.188965 0.490234 0.008789 0.005859
2 0.145508 0.491211 0.007812 0.015625
2 0.243164 0.483398 0.005859 0.005859
2 0.154785 0.481934 0.004883 0.004883
2 0.547363 0.480469 0.004883 0.005859
2 0.398926 0.487305 0.010742 0.023438
2 0.449219 0.476074 0.007812 0.004883
2 0.453125 0.460938 0.003906 0.005859
2 0.394043 0.470703 0.010742 0.025391
2 0.456543 0.450684 0.006836 0.004883
2 0.444336 0.446777 0.009766 0.006836
2 0.410156 0.443848 0.005859 0.004883
2 0.430176 0.440918 0.016602 0.022461
2 0.240723 0.238770 0.004883 0.004883
2 0.246582 0.225098 0.006836 0.004883
3 0.457031 0.762207 0.056641 0.057617
3 0.222168 0.731445 0.030273 0.031250
3 0.439941 0.614258 0.014648 0.023438
3 0.451172 0.511230 0.017578 0.018555
3 0.177246 0.478027 0.014648 0.014648
3 0.188477 0.446289 0.027344 0.035156
3 0.557129 0.232910 0.010742 0.018555
4 0.706543 0.570312 0.110352 0.142578