0 0.566895 0.802734 0.004883 0.003906
0 0.355957 0.755371 0.004883 0.004883
0 0.281250 0.754883 0.003906 0.003906
0 0.291504 0.751953 0.004883 0.003906
0 0.750488 0.737793 0.004883 0.004883
0 0.220215 0.728027 0.004883 0.004883
0 0.420410 0.703613 0.006836 0.004883
0 0.239258 0.703125 0.003906 0.003906
0 0.302246 0.676270 0.004883 0.004883
0 0.164062 0.657715 0.005859 0.006836
0 0.814453 0.651367 0.003906 0.003906
0 0.151855 0.646484 0.004883 0.003906
0 0.420898 0.624512 0.003906 0.004883
0 0.239746 0.603027 0.004883 0.004883
0 0.293945 0.595215 0.005859 0.004883
0 0.240234 0.592285 0.003906 0.004883
0 0.316895 0.587402 0.004883 0.004883
0 0.821777 0.585449 0.004883 0.004883
0 0.808105 0.583496 0.004883 0.004883
0 0.794922 0.583496 0.003906 0.004883
0 0.800781 0.577148 0.003906 0.003906
0 0.763184 0.550781 0.004883 0.005859
0 0.307617 0.531738 0.003906 0.004883
0 0.232910 0.528809 0.004883 0.004883
0 0.507324 0.521484 0.006836 0.005859
0 0.140137 0.513672 0.004883 0.003906
0 0.800781 0.497070 0.005859 0.005859
0 0.535645 0.496582 0.004883 0.004883
0 0.375488 0.479492 0.004883 0.005859
0 0.229980 0.476074 0.004883 0.004883
0 0.214355 0.464844 0.004883 0.003906
0 0.568359 0.456055 0.005859 0.009766
0 0.249512 0.439453 0.004883 0.005859
0 0.107422 0.434570 0.005859 0.005859
0 0.687012 0.428223 0.004883 0.004883
0 0.165039 0.427246 0.003906 0.006836
0 0.110840 0.427246 0.004883 0.006836
0 0.471680 0.404785 0.003906 0.004883
0 0.379395 0.389648 0.006836 0.005859
0 0.736816 0.385254 0.004883 0.004883
0 0.419434 0.382324 0.008789 0.010742
0 0.386230 0.372070 0.004883 0.005859
0 0.266113 0.369629 0.004883 0.004883
0 0.274902 0.363770 0.006836 0.006836
0 0.399902 0.361328 0.004883 0.003906
0 0.427246 0.352539 0.004883 0.003906
0 0.190430 0.351562 0.003906 0.003906
0 0.419922 0.348633 0.003906 0.003906
0 0.621582 0.341309 0.004883 0.004883
0 0.231445 0.334961 0.003906 0.003906
0 0.326660 0.312012 0.006836 0.006836
0 0.688477 0.308594 0.003906 0.003906
0 0.325684 0.263184 0.004883 0.004883
0 0.261230 0.248047 0.004883 0.003906
0 0.620605 0.236328 0.004883 0.005859
0 0.424316 0.232910 0.004883 0.004883
0 0.516602 0.227539 0.003906 0.003906
0 0.562012 0.199707 0.004883 0.004883
1 0.387207 0.755371 0.008789 0.012695
1 0.228516 0.744629 0.009766 0.008789
1 0.391602 0.743652 0.007812 0.012695
1 0.362793 0.729980 0.006836 0.008789
1 0.201660 0.729492 0.006836 0.011719
1 0.211914 0.716309 0.007812 0.008789
1 0.716797 0.702148 0.015625 0.013672
1 0.717773 0.686035 0.009766 0.006836
1 0.132812 0.662109 0.009766 0.007812
1 0.135254 0.629395 0.006836 0.010742
1 0.549316 0.612305 0.010742 0.007812
1 0.131348 0.608887 0.008789 0.008789
1 0.811035 0.603027 0.018555 0.012695
1 0.755371 0.590332 0.006836 0.006836
1 0.811523 0.590332 0.005859 0.008789
1 0.817383 0.576660 0.009766 0.006836
1 0.749512 0.552246 0.008789 0.006836
1 0.254395 0.563477 0.022461 0.033203
1 0.231934 0.515137 0.006836 0.004883
1 0.221191 0.510254 0.008789 0.008789
1 0.785156 0.509277 0.011719 0.014648
1 0.429688 0.496582 0.005859 0.008789
1 0.222168 0.449707 0.012695 0.012695
1 0.244141 0.447266 0.007812 0.009766
1 0.275391 0.433594 0.005859 0.007812
1 0.443848 0.416504 0.006836 0.010742
1 0.229492 0.425293 0.015625 0.028320
1 0.383789 0.403320 0.007812 0.007812
1 0.420410 0.400391 0.002930 0.005859
1 0.431641 0.382324 0.005859 0.004883
1 0.405273 0.376465 0.005859 0.006836
1 0.414062 0.376953 0.007812 0.009766
1 0.374023 0.374512 0.023438 0.012695
1 0.661133 0.373535 0.007812 0.016602
1 0.397949 0.369141 0.006836 0.009766
1 0.425293 0.366699 0.006836 0.008789
1 0.413574 0.366211 0.010742 0.009766
1 0.422363 0.357422 0.004883 0.005859
1 0.624023 0.307617 0.005859 0.009766
1 0.274414 0.291992 0.005859 0.013672
1 0.189941 0.247559 0.006836 0.008789
1 0.329102 0.240234 0.007812 0.009766
1 0.336426 0.218262 0.008789 0.008789
1 0.466309 0.186523 0.040039 0.037109
2 0.409180 0.765625 0.003906 0.005859
2 0.296387 0.738281 0.010742 0.007812
2 0.313965 0.732422 0.010742 0.009766
2 0.326660 0.729492 0.022461 0.015625
2 0.279785 0.721680 0.012695 0.015625
2 0.266602 0.717285 0.005859 0.008789
2 0.280273 0.702637 0.009766 0.006836
2 0.263672 0.703125 0.013672 0.009766
2 0.255371 0.695312 0.006836 0.003906
2 0.321777 0.694824 0.002930 0.006836
2 0.393066 0.692871 0.004883 0.004883
2 0.333496 0.688477 0.004883 0.003906
2 0.805664 0.671387 0.003906 0.004883
2 0.789551 0.668945 0.006836 0.005859
2 0.422363 0.665527 0.004883 0.006836
2 0.402832 0.671387 0.020508 0.032227
2 0.424316 0.653809 0.010742 0.008789
2 0.359375 0.651855 0.005859 0.008789
2 0.286621 0.638184 0.004883 0.004883
2 0.786133 0.633301 0.003906 0.004883
2 0.400391 0.632324 0.005859 0.006836
2 0.226074 0.627441 0.002930 0.004883
2 0.224609 0.656250 0.062500 0.064453
2 0.407715 0.627930 0.006836 0.011719
2 0.366699 0.616211 0.004883 0.005859
2 0.391602 0.614258 0.003906 0.003906
2 0.381836 0.605957 0.009766 0.006836
2 0.732422 0.599121 0.005859 0.002930
2 0.206543 0.599609 0.006836 0.005859
2 0.724609 0.596680 0.003906 0.003906
2 0.261719 0.587402 0.003906 0.004883
2 0.376953 0.582031 0.015625 0.015625
2 0.395020 0.571777 0.006836 0.008789
2 0.336426 0.561035 0.018555 0.010742
2 0.285156 0.556152 0.009766 0.012695
2 0.348633 0.551758 0.005859 0.005859
2 0.333496 0.553711 0.016602 0.011719
2 0.365723 0.558594 0.032227 0.029297
2 0.333496 0.544434 0.004883 0.006836
2 0.342285 0.539062 0.004883 0.003906
2 0.297852 0.539062 0.003906 0.003906
2 0.464844 0.530273 0.015625 0.007812
2 0.452637 0.525391 0.004883 0.003906
2 0.279785 0.531738 0.022461 0.018555
2 0.325684 0.528809 0.010742 0.014648
2 0.254395 0.489746 0.004883 0.004883
2 0.382812 0.484375 0.009766 0.009766
2 0.394531 0.463867 0.005859 0.009766
2 0.267578 0.461426 0.007812 0.006836
2 0.455078 0.459961 0.003906 0.007812
2 0.325684 0.456543 0.004883 0.008789
2 0.357910 0.461426 0.024414 0.028320
2 0.411133 0.456543 0.015625 0.020508
2 0.429199 0.450684 0.006836 0.010742
2 0.452637 0.446777 0.006836 0.006836
2 0.342285 0.443848 0.004883 0.004883
2 0.304199 0.445312 0.006836 0.007812
2 0.405273 0.442871 0.003906 0.006836
2 0.343750 0.438477 0.005859 0.003906
2 0.399414 0.439941 0.007812 0.010742
2 0.323242 0.440918 0.019531 0.020508
2 0.192383 0.434570 0.005859 0.007812
2 0.427734 0.437500 0.019531 0.015625
2 0.362793 0.432617 0.006836 0.013672
2 0.312012 0.426270 0.004883 0.002930
2 0.305176 0.429199 0.006836 0.008789
2 0.373535 0.435547 0.014648 0.025391
2 0.295898 0.421875 0.003906 0.005859
2 0.257812 0.420898 0.005859 0.005859
2 0.310059 0.419434 0.004883 0.006836
2 0.282715 0.417969 0.004883 0.005859
2 0.300293 0.413574 0.004883 0.004883
2 0.326660 0.415527 0.008789 0.010742
2 0.349609 0.412598 0.005859 0.008789
2 0.451172 0.409668 0.009766 0.008789
2 0.333008 0.406738 0.003906 0.006836
2 0.220703 0.400879 0.003906 0.006836
2 0.214844 0.401855 0.005859 0.010742
2 0.328613 0.398926 0.004883 0.008789
2 0.282227 0.395996 0.003906 0.004883
2 0.281738 0.402832 0.024414 0.022461
2 0.295410 0.390137 0.004883 0.004883
2 0.258301 0.390625 0.006836 0.007812
2 0.303711 0.384277 0.009766 0.008789
2 0.463867 0.378906 0.005859 0.005859
2 0.326660 0.379883 0.012695 0.013672
2 0.288574 0.379883 0.020508 0.015625
2 0.322266 0.363770 0.005859 0.006836
2 0.311523 0.370117 0.015625 0.023438
2 0.434570 0.359375 0.003906 0.003906
2 0.361816 0.359863 0.004883 0.004883
2 0.457520 0.354980 0.008789 0.006836
2 0.445801 0.351562 0.012695 0.013672
2 0.294922 0.354492 0.021484 0.023438
2 0.436523 0.343750 0.005859 0.003906
2 0.362793 0.344727 0.002930 0.005859
2 0.290527 0.340332 0.006836 0.004883
2 0.384277 0.335938 0.004883 0.003906
2 0.374023 0.336426 0.007812 0.004883
2 0.391113 0.335449 0.006836 0.004883
2 0.430664 0.337891 0.015625 0.011719
2 0.400879 0.333496 0.004883 0.004883
2 0.324219 0.333984 0.007812 0.005859
2 0.300781 0.333984 0.003906 0.005859
2 0.424316 0.332520 0.004883 0.004883
2 0.366211 0.327148 0.007812 0.007812
2 0.318848 0.322754 0.004883 0.004883
2 0.379883 0.326172 0.015625 0.013672
2 0.427246 0.319336 0.004883 0.003906
2 0.419922 0.320312 0.005859 0.005859
2 0.341309 0.318359 0.004883 0.005859
2 0.433105 0.313965 0.004883 0.006836
2 0.443359 0.306152 0.003906 0.004883
2 0.387207 0.306641 0.006836 0.005859
2 0.298340 0.319336 0.036133 0.031250
2 0.364258 0.309570 0.037109 0.023438
2 0.413574 0.298340 0.006836 0.008789
2 0.337402 0.298828 0.006836 0.011719
2 0.428711 0.294434 0.005859 0.004883
2 0.418945 0.290527 0.005859 0.008789
2 0.395996 0.286133 0.004883 0.009766
2 0.370117 0.287109 0.005859 0.015625
2 0.492188 0.229492 0.003906 0.005859
2 0.476562 0.227539 0.005859 0.005859
2 0.457520 0.224609 0.004883 0.005859
2 0.490723 0.220215 0.004883 0.006836
2 0.475098 0.219727 0.004883 0.005859
2 0.464844 0.214844 0.003906 0.005859
2 0.441895 0.216797 0.008789 0.009766
2 0.487305 0.211914 0.005859 0.007812
2 0.453125 0.212402 0.009766 0.010742
2 0.441895 0.197266 0.004883 0.005859
2 0.521973 0.195312 0.004883 0.007812
2 0.442871 0.175781 0.010742 0.009766
4 0.643066 0.522461 0.133789 0.134766