0 0.498535 0.732910 0.004883 0.004883
0 0.661133 0.639648 0.005859 0.005859
0 0.814453 0.626953 0.005859 0.005859
0 0.820801 0.608398 0.008789 0.007812
0 0.455078 0.594727 0.003906 0.005859
0 0.419922 0.586426 0.005859 0.004883
0 0.727539 0.581543 0.005859 0.006836
0 0.722168 0.541992 0.004883 0.005859
0 0.385254 0.527344 0.004883 0.003906
0 0.453125 0.520996 0.005859 0.006836
0 0.438965 0.513672 0.004883 0.005859
0 0.697266 0.509766 0.003906 0.003906
0 0.664062 0.497070 0.003906 0.003906
0 0.445312 0.491211 0.005859 0.005859
0 0.686035 0.483398 0.004883 0.003906
0 0.513672 0.463867 0.005859 0.005859
0 0.350098 0.443848 0.006836 0.006836
0 0.787598 0.429688 0.004883 0.003906
0 0.381836 0.425293 0.005859 0.006836
0 0.395996 0.423340 0.004883 0.004883
0 0.538086 0.400391 0.003906 0.003906
0 0.323242 0.396973 0.005859 0.006836
0 0.520996 0.393066 0.004883 0.004883
0 0.535645 0.380859 0.004883 0.003906
0 0.503418 0.378418 0.004883 0.004883
0 0.509766 0.375977 0.003906 0.003906
0 0.785156 0.371582 0.005859 0.004883
0 0.548828 0.372070 0.005859 0.005859
0 0.609863 0.360840 0.004883 0.004883
0 0.532227 0.345215 0.005859 0.004883
0 0.393555 0.342773 0.003906 0.003906
0 0.611816 0.336426 0.006836 0.006836
0 0.547363 0.327637 0.008789 0.008789
0 0.523926 0.304199 0.004883 0.004883
0 0.641602 0.296875 0.003906 0.003906
0 0.532715 0.286133 0.004883 0.005859
0 0.643066 0.265137 0.004883 0.004883
0 0.614258 0.261719 0.003906 0.003906
0 0.505859 0.234375 0.003906 0.003906
0 0.650391 0.229492 0.007812 0.005859
0 0.251465 0.229004 0.004883 0.004883
0 0.583984 0.224609 0.003906 0.003906
1 0.483398 0.804688 0.019531 0.017578
1 0.754395 0.753906 0.026367 0.023438
1 0.375000 0.702148 0.009766 0.007812
1 0.574707 0.571777 0.006836 0.016602
1 0.733887 0.555664 0.010742 0.015625
1 0.738281 0.527832 0.005859 0.012695
1 0.648438 0.498535 0.015625 0.012695
1 0.636719 0.457520 0.009766 0.006836
1 0.756836 0.464844 0.037109 0.035156
1 0.510254 0.404297 0.014648 0.015625
1 0.544922 0.387695 0.007812 0.009766
1 0.788086 0.388184 0.033203 0.036133
1 0.833496 0.375977 0.026367 0.035156
1 0.535645 0.361328 0.012695 0.017578
1 0.796875 0.355957 0.011719 0.008789
1 0.550781 0.355469 0.017578 0.023438
1 0.772461 0.351074 0.025391 0.022461
1 0.149902 0.340332 0.012695 0.006836
1 0.757812 0.335449 0.019531 0.012695
1 0.351074 0.340820 0.028320 0.023438
1 0.341797 0.291504 0.035156 0.024414
1 0.414062 0.280273 0.011719 0.013672
1 0.336426 0.264648 0.022461 0.013672
1 0.681152 0.248535 0.006836 0.006836
1 0.362793 0.205566 0.020508 0.018555
2 0.342285 0.649902 0.006836 0.004883
2 0.562012 0.308594 0.012695 0.005859
2 0.558594 0.301758 0.013672 0.007812
4 0.238770 0.484375 0.124023 0.128906