0 0.196777 0.729004 0.004883 0.004883
0 0.770996 0.484863 0.004883 0.004883
0 0.583984 0.470703 0.005859 0.007812
0 0.801758 0.460449 0.005859 0.006836
0 0.722168 0.438477 0.004883 0.003906
0 0.715332 0.434570 0.004883 0.005859
0 0.439941 0.329102 0.008789 0.007812
1 0.619629 0.809082 0.014648 0.008789
1 0.653809 0.458984 0.022461 0.021484
1 0.826172 0.427734 0.042969 0.037109
2 0.272461 0.783203 0.005859 0.005859
2 0.253418 0.756836 0.004883 0.003906
2 0.268555 0.750000 0.005859 0.005859
2 0.765137 0.684570 0.014648 0.011719
2 0.746094 0.680664 0.015625 0.007812
2 0.604980 0.671875 0.006836 0.007812
2 0.626953 0.664551 0.005859 0.004883
2 0.620605 0.631836 0.006836 0.005859
2 0.577637 0.618164 0.006836 0.009766
2 0.617676 0.614746 0.006836 0.006836
2 0.599609 0.608398 0.007812 0.013672
2 0.720215 0.598145 0.006836 0.006836
2 0.779297 0.595703 0.007812 0.007812
2 0.587402 0.593262 0.004883 0.004883
2 0.632324 0.597168 0.010742 0.022461
2 0.607910 0.588379 0.008789 0.008789
2 0.636230 0.573730 0.002930 0.006836
2 0.606445 0.569824 0.005859 0.012695
2 0.785645 0.569336 0.012695 0.019531
2 0.766602 0.556641 0.007812 0.023438
2 0.738281 0.532715 0.011719 0.008789
2 0.727539 0.531250 0.007812 0.007812
2 0.625488 0.520996 0.004883 0.010742
2 0.616211 0.519531 0.003906 0.015625
2 0.704102 0.510742 0.019531 0.011719
2 0.753906 0.500977 0.003906 0.009766
2 0.744629 0.497559 0.004883 0.006836
2 0.667969 0.500977 0.011719 0.013672
2 0.711914 0.495117 0.003906 0.005859
2 0.743164 0.487793 0.003906 0.004883
2 0.763184 0.490723 0.012695 0.012695
2 0.791992 0.484375 0.003906 0.003906
2 0.653320 0.481934 0.015625 0.012695
2 0.526367 0.473633 0.003906 0.007812
2 0.502441 0.453125 0.008789 0.005859
2 0.607422 0.452148 0.011719 0.015625
2 0.757324 0.462402 0.024414 0.045898
2 0.782715 0.440918 0.006836 0.006836
2 0.769531 0.437988 0.007812 0.006836
2 0.757324 0.434082 0.012695 0.014648
2 0.777344 0.431641 0.013672 0.011719
2 0.751465 0.424316 0.004883 0.004883
2 0.701172 0.427734 0.009766 0.011719
2 0.716309 0.417480 0.004883 0.004883
2 0.729004 0.415039 0.004883 0.005859
2 0.695312 0.411621 0.007812 0.006836
2 0.771484 0.417480 0.025391 0.022461
2 0.665039 0.406250 0.003906 0.003906
2 0.739746 0.407715 0.024414 0.022461
2 0.706055 0.401367 0.011719 0.009766
2 0.718262 0.392578 0.006836 0.005859
2 0.793945 0.392090 0.007812 0.008789
2 0.615234 0.386230 0.013672 0.008789
2 0.695312 0.371094 0.009766 0.007812
2 0.664062 0.379395 0.041016 0.040039
2 0.625488 0.364746 0.051758 0.040039
2 0.602051 0.341797 0.020508 0.011719
2 0.700195 0.336914 0.035156 0.029297
2 0.641113 0.316895 0.004883 0.004883
2 0.599609 0.306152 0.003906 0.004883
2 0.632812 0.304688 0.017578 0.007812
2 0.661621 0.312500 0.024414 0.029297
2 0.723145 0.306641 0.014648 0.019531
2 0.708496 0.285645 0.010742 0.008789
2 0.691406 0.284180 0.011719 0.009766
4 0.309082 0.449707 0.139648 0.137695