0 0.224609 0.773438 0.005859 0.007812
0 0.703613 0.718262 0.004883 0.004883
0 0.238281 0.631836 0.005859 0.005859
0 0.801270 0.614746 0.004883 0.004883
0 0.400879 0.528320 0.004883 0.005859
0 0.416504 0.525391 0.004883 0.003906
0 0.411133 0.515137 0.003906 0.004883
0 0.364746 0.496094 0.004883 0.003906
0 0.747070 0.462891 0.007812 0.007812
0 0.493652 0.370605 0.004883 0.004883
0 0.318359 0.208008 0.005859 0.003906
1 0.606934 0.783691 0.024414 0.030273
1 0.573730 0.771484 0.010742 0.005859
1 0.638672 0.781250 0.023438 0.035156
1 0.208984 0.749512 0.015625 0.018555
1 0.315430 0.671387 0.015625 0.010742
1 0.560059 0.698242 0.051758 0.066406
1 0.607422 0.667969 0.035156 0.023438
1 0.335938 0.320801 0.019531 0.014648
1 0.737793 0.281738 0.012695 0.020508
1 0.291504 0.271973 0.008789 0.004883
1 0.586914 0.276367 0.019531 0.015625
1 0.265137 0.274902 0.026367 0.016602
1 0.261230 0.261230 0.022461 0.010742
1 0.291992 0.260742 0.017578 0.015625
1 0.252930 0.220215 0.009766 0.004883
1 0.514160 0.212402 0.018555 0.026367
1 0.610840 0.210938 0.036133 0.048828
1 0.514648 0.186523 0.011719 0.013672
2 0.536621 0.826660 0.004883 0.004883
2 0.441895 0.817383 0.004883 0.003906
2 0.531250 0.817871 0.007812 0.006836
2 0.523926 0.809082 0.004883 0.006836
2 0.531250 0.794434 0.005859 0.002930
2 0.234863 0.747070 0.002930 0.005859
2 0.167969 0.720703 0.005859 0.005859
2 0.790039 0.714844 0.007812 0.009766
2 0.766602 0.666504 0.003906 0.004883
2 0.755859 0.665039 0.005859 0.005859
2 0.796387 0.637207 0.008789 0.012695
2 0.824219 0.610352 0.003906 0.005859
2 0.742188 0.608887 0.005859 0.006836
2 0.795410 0.606445 0.006836 0.003906
2 0.818848 0.603027 0.006836 0.004883
2 0.702148 0.599609 0.007812 0.003906
2 0.793945 0.595215 0.005859 0.004883
2 0.696289 0.582520 0.007812 0.006836
2 0.774414 0.578125 0.003906 0.003906
2 0.371582 0.569336 0.004883 0.005859
2 0.288086 0.570801 0.017578 0.010742
2 0.190430 0.552734 0.005859 0.005859
2 0.210938 0.548340 0.003906 0.004883
3 0.598145 0.816406 0.026367 0.031250
3 0.488770 0.781738 0.016602 0.016602
3 0.577637 0.796875 0.047852 0.054688
3 0.716309 0.387695 0.032227 0.052734
3 0.451172 0.210938 0.021484 0.029297
4 0.638184 0.498535 0.127930 0.120117