0 0.685547 0.779297 0.007812 0.007812
0 0.212891 0.773926 0.005859 0.006836
0 0.699219 0.773438 0.007812 0.007812
0 0.478027 0.741699 0.004883 0.004883
0 0.325684 0.684570 0.004883 0.005859
0 0.788086 0.682129 0.005859 0.004883
0 0.315918 0.657715 0.004883 0.004883
0 0.135742 0.648926 0.005859 0.006836
0 0.250977 0.629883 0.003906 0.003906
0 0.270508 0.589844 0.003906 0.003906
0 0.270996 0.568848 0.004883 0.004883
0 0.342285 0.568848 0.004883 0.006836
0 0.503418 0.448242 0.006836 0.005859
0 0.406250 0.440918 0.003906 0.004883
0 0.458008 0.437988 0.005859 0.004883
0 0.431641 0.419922 0.003906 0.003906
0 0.311523 0.420898 0.007812 0.007812
0 0.319336 0.414062 0.007812 0.009766
0 0.367188 0.352051 0.003906 0.004883
0 0.483398 0.342773 0.003906 0.003906
0 0.315918 0.268555 0.006836 0.007812
1 0.359375 0.775879 0.021484 0.010742
1 0.333496 0.747070 0.014648 0.005859
1 0.305176 0.750977 0.071289 0.029297
1 0.503906 0.727051 0.009766 0.004883
1 0.277832 0.718262 0.012695 0.008789
1 0.728516 0.712891 0.021484 0.021484
1 0.526855 0.708496 0.020508 0.012695
1 0.173828 0.708984 0.011719 0.019531
1 0.221191 0.704590 0.012695 0.012695
1 0.269043 0.700195 0.016602 0.011719
1 0.383301 0.698730 0.006836 0.010742
1 0.403809 0.676270 0.012695 0.012695
1 0.758789 0.667969 0.007812 0.021484
1 0.355957 0.665039 0.028320 0.031250
1 0.300781 0.656250 0.013672 0.017578
1 0.545410 0.633789 0.028320 0.023438
1 0.193848 0.654297 0.040039 0.064453
1 0.302734 0.624512 0.005859 0.006836
1 0.254883 0.610840 0.025391 0.018555
1 0.238770 0.592285 0.024414 0.020508
1 0.409668 0.539551 0.018555 0.008789
1 0.482910 0.445801 0.032227 0.020508
1 0.369141 0.435547 0.009766 0.011719
1 0.498535 0.432617 0.008789 0.011719
1 0.424805 0.425781 0.011719 0.013672
1 0.396973 0.433105 0.036133 0.034180
1 0.451660 0.418457 0.008789 0.010742
1 0.522461 0.414062 0.025391 0.015625
1 0.458008 0.407715 0.007812 0.004883
1 0.476074 0.416992 0.032227 0.027344
1 0.308105 0.407715 0.008789 0.008789
1 0.355469 0.406250 0.033203 0.029297
1 0.413086 0.395020 0.009766 0.010742
1 0.456543 0.391113 0.020508 0.004883
1 0.482910 0.393555 0.006836 0.015625
1 0.328613 0.376953 0.004883 0.007812
1 0.478516 0.375977 0.025391 0.011719
1 0.400879 0.358887 0.012695 0.010742
1 0.320801 0.359863 0.020508 0.014648
1 0.440430 0.346191 0.044922 0.043945
1 0.506348 0.319336 0.016602 0.013672
1 0.545898 0.315430 0.013672 0.013672
1 0.424316 0.302734 0.022461 0.017578
1 0.407227 0.224609 0.013672 0.009766
2 0.512695 0.706543 0.005859 0.006836
2 0.380371 0.480469 0.008789 0.009766
2 0.371582 0.477539 0.006836 0.003906
2 0.443359 0.474609 0.015625 0.015625
2 0.378906 0.470703 0.019531 0.013672
2 0.452637 0.458984 0.004883 0.003906
2 0.462891 0.459473 0.007812 0.006836
2 0.437500 0.463379 0.019531 0.024414
2 0.453125 0.450684 0.005859 0.004883
2 0.417480 0.458984 0.018555 0.033203
2 0.443848 0.440918 0.008789 0.008789
2 0.447266 0.431641 0.005859 0.003906
2 0.407227 0.408691 0.003906 0.004883
2 0.379883 0.391113 0.003906 0.004883
2 0.400879 0.388184 0.004883 0.006836
2 0.392090 0.381348 0.004883 0.006836
2 0.460938 0.379395 0.003906 0.004883
2 0.415039 0.376953 0.007812 0.007812
2 0.399902 0.377441 0.004883 0.008789
2 0.411621 0.380371 0.008789 0.016602
2 0.498535 0.367676 0.006836 0.004883
3 0.491699 0.739746 0.024414 0.030273
3 0.722168 0.737305 0.022461 0.039062
3 0.772949 0.682129 0.020508 0.026367
3 0.265625 0.677246 0.025391 0.022461
3 0.226074 0.674805 0.049805 0.058594
3 0.464844 0.328613 0.060547 0.059570
4 0.679688 0.511719 0.107422 0.105469