0 0.347656 0.749023 0.005859 0.005859
0 0.679199 0.729004 0.004883 0.006836
0 0.678223 0.704102 0.004883 0.005859
0 0.578125 0.681152 0.003906 0.004883
0 0.265137 0.655273 0.004883 0.003906
0 0.748047 0.563477 0.003906 0.003906
0 0.415039 0.513672 0.003906 0.003906
0 0.303711 0.509766 0.005859 0.005859
0 0.420898 0.506348 0.007812 0.008789
0 0.448242 0.475586 0.005859 0.005859
0 0.386230 0.410645 0.004883 0.004883
0 0.426758 0.338379 0.005859 0.006836
0 0.729980 0.228027 0.004883 0.004883
1 0.210938 0.801270 0.007812 0.006836
1 0.300781 0.695312 0.007812 0.007812
1 0.833984 0.531738 0.013672 0.010742
1 0.349121 0.457031 0.008789 0.011719
2 0.244629 0.810547 0.004883 0.003906
2 0.206543 0.786133 0.004883 0.005859
2 0.228027 0.790039 0.014648 0.017578
2 0.342773 0.578613 0.005859 0.004883
2 0.225098 0.539062 0.004883 0.003906
2 0.182129 0.513184 0.004883 0.004883
2 0.173340 0.482422 0.004883 0.003906
2 0.574707 0.477539 0.004883 0.005859
2 0.405273 0.467285 0.003906 0.004883
2 0.572754 0.459961 0.006836 0.021484
2 0.825684 0.367188 0.004883 0.003906
2 0.474609 0.367676 0.005859 0.004883
2 0.483887 0.354492 0.004883 0.003906
4 0.664551 0.440430 0.116211 0.125000