0 0.766113 0.737305 0.004883 0.003906
0 0.560547 0.737793 0.005859 0.004883
0 0.655273 0.712402 0.003906 0.004883
0 0.724121 0.709961 0.004883 0.003906
0 0.547363 0.697754 0.004883 0.004883
0 0.664062 0.696777 0.003906 0.004883
0 0.734375 0.523438 0.003906 0.003906
0 0.676758 0.363281 0.003906 0.003906
0 0.177734 0.351562 0.009766 0.009766
0 0.213867 0.345703 0.003906 0.003906
0 0.591309 0.329590 0.008789 0.008789
0 0.642090 0.268555 0.004883 0.003906
1 0.511230 0.720703 0.010742 0.011719
1 0.725098 0.538086 0.006836 0.007812
1 0.686523 0.464355 0.011719 0.008789
1 0.122559 0.360840 0.008789 0.006836
2 0.554199 0.543945 0.004883 0.005859
2 0.085938 0.449219 0.007812 0.007812
2 0.489746 0.401367 0.004883 0.003906
2 0.502441 0.399902 0.006836 0.004883
2 0.493164 0.374023 0.005859 0.005859
2 0.580078 0.303223 0.003906 0.004883
3 0.781250 0.703125 0.023438 0.027344
3 0.688477 0.359863 0.017578 0.018555
4 0.242676 0.487305 0.108398 0.154297