0 0.693848 0.804688 0.006836 0.007812
0 0.714355 0.748047 0.006836 0.007812
0 0.404297 0.737793 0.007812 0.006836
0 0.526855 0.728027 0.004883 0.004883
0 0.611328 0.725586 0.003906 0.003906
0 0.725098 0.718750 0.004883 0.005859
0 0.613281 0.717285 0.005859 0.006836
0 0.787598 0.712891 0.004883 0.005859
0 0.728027 0.660156 0.006836 0.005859
0 0.522461 0.580566 0.003906 0.004883
0 0.675781 0.576660 0.003906 0.004883
0 0.688965 0.574707 0.004883 0.004883
0 0.590820 0.571289 0.003906 0.003906
0 0.688477 0.564453 0.005859 0.005859
0 0.116211 0.557617 0.007812 0.005859
0 0.689941 0.552246 0.004883 0.004883
0 0.074219 0.541504 0.003906 0.004883
0 0.558594 0.533203 0.003906 0.003906
0 0.476074 0.528809 0.004883 0.004883
0 0.565918 0.520996 0.004883 0.004883
0 0.625977 0.515625 0.003906 0.003906
0 0.644043 0.509766 0.004883 0.005859
0 0.074219 0.508301 0.005859 0.006836
0 0.586914 0.488770 0.005859 0.006836
0 0.724609 0.481934 0.005859 0.004883
0 0.834473 0.466309 0.004883 0.004883
0 0.666504 0.453613 0.004883 0.004883
0 0.419922 0.454102 0.005859 0.005859
0 0.806641 0.440918 0.007812 0.012695
0 0.741699 0.424805 0.008789 0.007812
0 0.699707 0.414551 0.004883 0.004883
0 0.690918 0.414551 0.004883 0.006836
0 0.587891 0.395996 0.005859 0.004883
0 0.746582 0.395508 0.006836 0.005859
0 0.665039 0.394531 0.005859 0.005859
0 0.722656 0.390625 0.005859 0.005859
0 0.652832 0.379395 0.006836 0.006836
0 0.339844 0.372559 0.003906 0.004883
0 0.642578 0.373047 0.005859 0.007812
0 0.696289 0.364258 0.003906 0.003906
0 0.685547 0.330566 0.005859 0.006836
0 0.695312 0.325195 0.005859 0.005859
0 0.409668 0.321777 0.008789 0.006836
0 0.763672 0.307617 0.005859 0.005859
0 0.768555 0.291016 0.003906 0.003906
0 0.443848 0.291992 0.006836 0.005859
0 0.572266 0.272461 0.003906 0.003906
0 0.655762 0.256348 0.004883 0.004883
0 0.730469 0.246094 0.005859 0.005859
0 0.723633 0.244629 0.005859 0.004883
0 0.462891 0.219238 0.005859 0.004883
0 0.589844 0.198242 0.003906 0.003906
1 0.542969 0.694824 0.007812 0.010742
1 0.705078 0.678711 0.009766 0.011719
1 0.753418 0.664062 0.006836 0.011719
1 0.707031 0.642090 0.007812 0.012695
1 0.120117 0.634277 0.011719 0.012695
1 0.138672 0.614258 0.009766 0.015625
1 0.708984 0.519043 0.011719 0.012695
1 0.765625 0.516113 0.007812 0.012695
1 0.590332 0.500000 0.012695 0.015625
1 0.555176 0.490234 0.012695 0.007812
1 0.703125 0.479004 0.007812 0.008789
1 0.567871 0.477051 0.006836 0.008789
1 0.501465 0.474121 0.010742 0.006836
1 0.842773 0.456055 0.015625 0.025391
1 0.673828 0.433105 0.007812 0.012695
1 0.697754 0.425293 0.008789 0.010742
1 0.826660 0.414062 0.008789 0.011719
1 0.119141 0.401367 0.013672 0.013672
1 0.735840 0.397461 0.006836 0.009766
1 0.760742 0.387695 0.005859 0.005859
1 0.749512 0.381836 0.008789 0.005859
1 0.735352 0.382812 0.011719 0.009766
1 0.674805 0.317383 0.015625 0.011719
1 0.725586 0.319336 0.021484 0.025391
1 0.641113 0.252441 0.008789 0.008789
1 0.709473 0.245605 0.016602 0.014648
2 0.712891 0.604980 0.005859 0.004883
2 0.639648 0.471191 0.003906 0.004883
2 0.578125 0.467773 0.005859 0.007812
2 0.719238 0.463379 0.004883 0.004883
2 0.652344 0.453125 0.007812 0.009766
2 0.653809 0.357422 0.004883 0.005859
2 0.422852 0.329102 0.005859 0.003906
2 0.690918 0.307617 0.004883 0.005859
2 0.623047 0.296875 0.003906 0.003906
2 0.655762 0.300781 0.012695 0.015625
2 0.663086 0.289551 0.005859 0.006836
2 0.640137 0.285645 0.008789 0.006836
2 0.622559 0.285645 0.012695 0.014648
3 0.348145 0.819336 0.022461 0.021484
3 0.229980 0.804199 0.018555 0.028320
3 0.206055 0.776855 0.015625 0.018555
3 0.318359 0.761230 0.019531 0.030273
3 0.137695 0.722656 0.015625 0.015625
3 0.125977 0.663086 0.029297 0.031250
4 0.208008 0.463867 0.109375 0.121094