0 0.762695 0.671387 0.005859 0.006836
0 0.462402 0.625977 0.006836 0.005859
0 0.401855 0.604004 0.004883 0.004883
0 0.721680 0.578125 0.003906 0.003906
0 0.629883 0.544922 0.007812 0.007812
0 0.716797 0.484863 0.003906 0.004883
0 0.426758 0.436035 0.005859 0.004883
0 0.584961 0.419434 0.003906 0.004883
0 0.607422 0.349609 0.003906 0.005859
0 0.565918 0.284668 0.006836 0.004883
0 0.362793 0.179688 0.004883 0.005859
1 0.349609 0.789062 0.011719 0.005859
1 0.158203 0.643555 0.031250 0.042969
1 0.722656 0.589355 0.009766 0.008789
1 0.532715 0.581055 0.012695 0.009766
1 0.395020 0.449219 0.008789 0.003906
1 0.431152 0.428223 0.010742 0.006836
1 0.468262 0.382812 0.004883 0.005859
1 0.582031 0.377441 0.027344 0.024414
1 0.324219 0.187988 0.066406 0.040039
2 0.494141 0.614258 0.003906 0.003906
2 0.546387 0.503906 0.008789 0.013672
2 0.490723 0.489258 0.012695 0.009766
2 0.505859 0.488281 0.015625 0.019531
2 0.493164 0.473145 0.007812 0.012695
2 0.467285 0.468750 0.010742 0.011719
2 0.452637 0.463379 0.008789 0.006836
2 0.460449 0.459961 0.004883 0.005859
2 0.471191 0.459961 0.006836 0.007812
2 0.439453 0.457031 0.005859 0.005859
2 0.481445 0.452637 0.011719 0.014648
2 0.505859 0.443848 0.005859 0.004883
2 0.490723 0.449707 0.012695 0.016602
2 0.416992 0.451660 0.023438 0.022461
2 0.471680 0.442871 0.007812 0.006836
2 0.404297 0.435059 0.007812 0.006836
2 0.400879 0.409668 0.008789 0.002930
2 0.493164 0.394043 0.003906 0.004883
2 0.531250 0.390625 0.003906 0.003906
2 0.480469 0.396484 0.015625 0.019531
2 0.394531 0.387695 0.005859 0.003906
2 0.489258 0.383789 0.003906 0.005859
2 0.443848 0.376465 0.006836 0.004883
2 0.352051 0.185059 0.004883 0.004883
4 0.239258 0.484375 0.117188 0.126953