0 0.661621 0.784668 0.006836 0.006836
0 0.664062 0.772461 0.005859 0.005859
0 0.480957 0.761230 0.004883 0.004883
0 0.495117 0.751953 0.003906 0.003906
0 0.609375 0.745117 0.003906 0.003906
0 0.641602 0.741699 0.003906 0.004883
0 0.247070 0.741211 0.005859 0.005859
0 0.512207 0.739258 0.004883 0.003906
0 0.202637 0.739258 0.006836 0.007812
0 0.500977 0.715332 0.005859 0.004883
0 0.642578 0.707031 0.003906 0.003906
0 0.365234 0.699219 0.003906 0.003906
0 0.677734 0.690918 0.003906 0.004883
0 0.414551 0.683105 0.004883 0.004883
0 0.470703 0.674316 0.003906 0.004883
0 0.565918 0.672852 0.004883 0.003906
0 0.754883 0.672852 0.005859 0.005859
0 0.306641 0.638184 0.003906 0.004883
0 0.739258 0.637207 0.003906 0.004883
0 0.277344 0.627930 0.003906 0.003906
0 0.647461 0.593262 0.003906 0.004883
0 0.539551 0.572754 0.004883 0.004883
0 0.532227 0.572266 0.003906 0.003906
0 0.550781 0.516113 0.005859 0.004883
0 0.491211 0.515625 0.003906 0.003906
0 0.499023 0.507324 0.003906 0.004883
0 0.337891 0.490723 0.003906 0.004883
0 0.332520 0.490234 0.004883 0.005859
0 0.655762 0.471680 0.004883 0.003906
0 0.721191 0.461426 0.006836 0.006836
0 0.791992 0.431152 0.005859 0.004883
0 0.352051 0.425781 0.006836 0.005859
0 0.699707 0.405273 0.008789 0.007812
0 0.632324 0.388184 0.004883 0.004883
0 0.322754 0.377441 0.006836 0.006836
0 0.759766 0.335938 0.005859 0.005859
0 0.578125 0.323242 0.003906 0.003906
0 0.146484 0.314941 0.005859 0.006836
0 0.485352 0.298828 0.005859 0.005859
0 0.578125 0.293457 0.003906 0.004883
0 0.714355 0.279785 0.008789 0.008789
0 0.340332 0.260254 0.006836 0.006836
0 0.685059 0.250488 0.004883 0.004883
0 0.575195 0.229004 0.005859 0.004883
0 0.307129 0.209961 0.004883 0.003906
0 0.435059 0.186035 0.006836 0.006836
1 0.187012 0.731445 0.010742 0.005859
1 0.478027 0.725586 0.018555 0.005859
1 0.508789 0.719727 0.007812 0.009766
1 0.522949 0.680664 0.010742 0.013672
1 0.588379 0.667480 0.026367 0.012695
1 0.277344 0.670410 0.017578 0.018555
1 0.439453 0.647949 0.005859 0.004883
1 0.619141 0.654785 0.017578 0.024414
1 0.389160 0.645020 0.018555 0.018555
1 0.146484 0.640137 0.013672 0.016602
1 0.634766 0.604980 0.005859 0.004883
1 0.579590 0.602539 0.008789 0.005859
1 0.627930 0.592773 0.005859 0.005859
1 0.634766 0.584961 0.011719 0.009766
1 0.625488 0.575195 0.014648 0.015625
1 0.650879 0.562012 0.016602 0.014648
1 0.630859 0.550781 0.013672 0.019531
1 0.614746 0.541992 0.004883 0.009766
1 0.543457 0.539551 0.004883 0.008789
1 0.562500 0.537109 0.009766 0.013672
1 0.613770 0.532227 0.010742 0.005859
1 0.671875 0.530273 0.005859 0.007812
1 0.632812 0.526855 0.005859 0.002930
1 0.564941 0.521973 0.006836 0.008789
1 0.597168 0.526367 0.022461 0.044922
1 0.565918 0.500977 0.014648 0.011719
1 0.470215 0.497559 0.012695 0.012695
1 0.559570 0.471680 0.007812 0.011719
1 0.433594 0.476074 0.021484 0.020508
1 0.567871 0.458496 0.004883 0.008789
1 0.644043 0.460938 0.014648 0.015625
1 0.452637 0.446777 0.018555 0.020508
1 0.538086 0.437500 0.011719 0.009766
1 0.772949 0.433105 0.022461 0.024414
1 0.603516 0.419922 0.011719 0.011719
1 0.688477 0.415039 0.023438 0.023438
1 0.586426 0.384277 0.004883 0.008789
1 0.571289 0.378906 0.019531 0.025391
1 0.671387 0.335449 0.022461 0.026367
1 0.690918 0.315918 0.008789 0.010742
1 0.727051 0.317871 0.012695 0.018555
1 0.495605 0.294922 0.014648 0.009766
1 0.458496 0.280762 0.008789 0.006836
1 0.247559 0.265137 0.010742 0.012695
1 0.167969 0.266113 0.011719 0.028320
1 0.315918 0.223633 0.010742 0.009766
1 0.253418 0.173340 0.010742 0.008789
2 0.514648 0.755371 0.005859 0.010742
2 0.536133 0.751953 0.003906 0.005859
2 0.519043 0.748047 0.004883 0.005859
2 0.556641 0.743164 0.003906 0.005859
2 0.549805 0.740234 0.005859 0.009766
2 0.562012 0.741211 0.004883 0.013672
2 0.544922 0.740723 0.005859 0.012695
2 0.484375 0.739258 0.011719 0.009766
2 0.737305 0.735840 0.003906 0.004883
2 0.580566 0.733887 0.006836 0.008789
2 0.585449 0.719727 0.006836 0.007812
2 0.481934 0.702637 0.002930 0.008789
2 0.575195 0.720215 0.033203 0.051758
2 0.478027 0.695801 0.006836 0.004883
2 0.445801 0.706543 0.012695 0.026367
2 0.592285 0.695312 0.006836 0.007812
2 0.475098 0.690918 0.006836 0.006836
2 0.465332 0.688965 0.006836 0.006836
2 0.497559 0.684082 0.002930 0.006836
2 0.596191 0.687988 0.010742 0.016602
2 0.574707 0.680176 0.006836 0.006836
2 0.480469 0.675781 0.005859 0.005859
2 0.630371 0.672363 0.004883 0.004883
2 0.731445 0.664062 0.003906 0.003906
2 0.365723 0.660645 0.004883 0.008789
2 0.470215 0.659668 0.008789 0.010742
2 0.351562 0.654785 0.003906 0.004883
2 0.477051 0.659180 0.008789 0.025391
2 0.463379 0.645996 0.008789 0.010742
2 0.448242 0.642578 0.003906 0.003906
2 0.119141 0.641113 0.007812 0.008789
2 0.589355 0.639160 0.004883 0.006836
2 0.601074 0.643555 0.016602 0.019531
2 0.645996 0.636719 0.008789 0.007812
2 0.482910 0.636230 0.002930 0.006836
2 0.657227 0.634277 0.003906 0.004883
2 0.133301 0.639648 0.014648 0.015625
2 0.467773 0.633301 0.019531 0.014648
2 0.634766 0.625488 0.009766 0.008789
2 0.651367 0.623535 0.003906 0.006836
2 0.647461 0.620117 0.003906 0.005859
2 0.594727 0.619629 0.005859 0.008789
2 0.573242 0.615723 0.007812 0.008789
2 0.617188 0.628906 0.031250 0.039062
2 0.531250 0.611328 0.007812 0.003906
2 0.666504 0.607910 0.006836 0.006836
2 0.479004 0.606934 0.004883 0.004883
2 0.419434 0.607910 0.016602 0.010742
2 0.660156 0.601562 0.005859 0.003906
2 0.508301 0.605469 0.008789 0.013672
2 0.651855 0.598633 0.004883 0.005859
2 0.508301 0.593750 0.006836 0.003906
2 0.604980 0.598633 0.020508 0.015625
2 0.658203 0.589355 0.011719 0.010742
2 0.581055 0.588867 0.013672 0.013672
2 0.085449 0.585938 0.004883 0.007812
2 0.571777 0.581543 0.006836 0.006836
2 0.666992 0.578125 0.007812 0.007812
2 0.324219 0.578613 0.007812 0.008789
2 0.651367 0.574219 0.005859 0.005859
2 0.331543 0.572266 0.010742 0.005859
2 0.569824 0.568848 0.012695 0.008789
2 0.441895 0.564941 0.002930 0.006836
2 0.567871 0.558594 0.004883 0.005859
2 0.663086 0.547852 0.005859 0.003906
2 0.508301 0.548828 0.006836 0.005859
2 0.448242 0.547363 0.003906 0.006836
2 0.350098 0.547363 0.002930 0.006836
2 0.345215 0.541016 0.004883 0.003906
2 0.351562 0.539062 0.003906 0.003906
2 0.459473 0.578125 0.065430 0.083984
2 0.546387 0.534668 0.004883 0.004883
2 0.493652 0.535645 0.002930 0.006836
2 0.361328 0.536621 0.007812 0.008789
2 0.644531 0.541992 0.019531 0.027344
2 0.658691 0.526855 0.004883 0.002930
2 0.348145 0.526367 0.012695 0.013672
2 0.324219 0.520508 0.005859 0.005859
2 0.644531 0.516113 0.009766 0.006836
2 0.530273 0.516602 0.015625 0.013672
2 0.375488 0.513672 0.028320 0.013672
2 0.512695 0.511719 0.011719 0.011719
2 0.409668 0.515137 0.036133 0.034180
2 0.388184 0.497070 0.010742 0.007812
2 0.658691 0.497070 0.010742 0.013672
2 0.360840 0.492188 0.004883 0.005859
2 0.517090 0.487793 0.004883 0.004883
2 0.410156 0.487305 0.003906 0.003906
2 0.473633 0.485352 0.003906 0.005859
2 0.381348 0.471191 0.004883 0.006836
2 0.587402 0.471680 0.014648 0.015625
2 0.578125 0.463867 0.005859 0.005859
2 0.516602 0.468262 0.009766 0.020508
2 0.388184 0.461914 0.012695 0.007812
2 0.374023 0.458008 0.005859 0.005859
2 0.610840 0.457031 0.006836 0.005859
2 0.485352 0.458984 0.025391 0.017578
2 0.535156 0.461914 0.031250 0.025391
2 0.366211 0.452637 0.007812 0.006836
2 0.506836 0.454102 0.015625 0.021484
2 0.674316 0.442871 0.010742 0.010742
2 0.519531 0.445801 0.007812 0.016602
2 0.479492 0.437012 0.003906 0.004883
2 0.492676 0.439453 0.020508 0.017578
2 0.666016 0.432129 0.009766 0.008789
2 0.494629 0.425781 0.006836 0.007812
2 0.643555 0.426758 0.005859 0.013672
2 0.580078 0.421875 0.003906 0.005859
2 0.469727 0.423828 0.007812 0.009766
2 0.386230 0.428711 0.026367 0.025391
2 0.450195 0.416992 0.003906 0.007812
2 0.388672 0.412109 0.003906 0.003906
2 0.423340 0.407227 0.014648 0.007812
2 0.443359 0.399902 0.005859 0.006836
2 0.432129 0.397949 0.004883 0.004883
2 0.400879 0.394043 0.004883 0.004883
2 0.611328 0.397461 0.009766 0.013672
2 0.449707 0.392578 0.002930 0.005859
2 0.548340 0.376465 0.004883 0.010742
2 0.529785 0.377441 0.012695 0.020508
2 0.505859 0.360352 0.005859 0.005859
2 0.519531 0.347168 0.007812 0.010742
2 0.528320 0.339355 0.003906 0.004883
2 0.168457 0.316406 0.002930 0.007812
2 0.413086 0.313477 0.003906 0.003906
2 0.465820 0.314941 0.005859 0.008789
2 0.413574 0.307129 0.004883 0.004883
2 0.480957 0.304199 0.006836 0.004883
2 0.172852 0.297852 0.003906 0.005859
2 0.490234 0.286621 0.005859 0.006836
2 0.477051 0.260254 0.008789 0.006836
2 0.593750 0.258789 0.005859 0.005859
2 0.249512 0.201172 0.010742 0.009766
2 0.240234 0.199219 0.003906 0.005859
2 0.391113 0.195312 0.002930 0.005859
2 0.262695 0.194336 0.005859 0.007812
2 0.251465 0.185547 0.004883 0.005859
2 0.243164 0.184570 0.003906 0.005859
2 0.269043 0.178711 0.004883 0.003906
4 0.200684 0.497559 0.133789 0.135742