0 0.511230 0.772949 0.006836 0.006836
0 0.513672 0.754883 0.005859 0.005859
0 0.464844 0.749023 0.007812 0.007812
0 0.502930 0.739746 0.007812 0.006836
0 0.621094 0.702148 0.003906 0.003906
0 0.443359 0.676758 0.005859 0.005859
0 0.536133 0.667969 0.003906 0.003906
0 0.736816 0.650879 0.006836 0.006836
0 0.648438 0.650391 0.005859 0.005859
0 0.715820 0.647461 0.005859 0.005859
0 0.497559 0.645508 0.004883 0.003906
0 0.723633 0.630859 0.005859 0.005859
0 0.636719 0.624512 0.007812 0.006836
0 0.147461 0.619629 0.003906 0.004883
0 0.447754 0.616211 0.004883 0.005859
0 0.795898 0.606934 0.005859 0.004883
0 0.495117 0.605469 0.003906 0.003906
0 0.639160 0.604980 0.006836 0.006836
0 0.666992 0.540039 0.005859 0.007812
0 0.307129 0.517578 0.004883 0.005859
0 0.098633 0.487305 0.007812 0.007812
0 0.513184 0.484375 0.004883 0.005859
0 0.518066 0.464355 0.004883 0.004883
0 0.688477 0.461914 0.003906 0.003906
0 0.703613 0.449219 0.006836 0.005859
0 0.407715 0.443848 0.004883 0.004883
0 0.666992 0.427246 0.005859 0.004883
0 0.148438 0.423828 0.005859 0.005859
0 0.670410 0.405273 0.004883 0.003906
0 0.442383 0.400391 0.003906 0.003906
0 0.575684 0.397949 0.004883 0.004883
0 0.432129 0.389648 0.004883 0.003906
0 0.485352 0.381348 0.003906 0.004883
0 0.508789 0.377441 0.009766 0.008789
0 0.567871 0.366699 0.004883 0.004883
0 0.390137 0.366699 0.004883 0.004883
0 0.416992 0.365234 0.003906 0.003906
0 0.571777 0.330566 0.006836 0.004883
0 0.484375 0.299805 0.003906 0.003906
0 0.584473 0.290527 0.004883 0.004883
0 0.437988 0.288086 0.006836 0.005859
0 0.305664 0.268066 0.005859 0.004883
0 0.565430 0.264648 0.003906 0.003906
0 0.164551 0.260742 0.004883 0.003906
0 0.526855 0.251953 0.004883 0.003906
0 0.460449 0.241699 0.004883 0.004883
0 0.446289 0.239746 0.005859 0.006836
0 0.312500 0.212402 0.007812 0.008789
0 0.302734 0.184082 0.003906 0.004883
1 0.586426 0.800293 0.020508 0.012695
1 0.586426 0.769531 0.022461 0.025391
1 0.520996 0.701172 0.014648 0.009766
1 0.598145 0.708984 0.036133 0.027344
1 0.532227 0.687012 0.029297 0.022461
1 0.488281 0.681641 0.011719 0.019531
1 0.364258 0.654785 0.021484 0.012695
1 0.581055 0.654785 0.019531 0.016602
1 0.467285 0.646973 0.012695 0.018555
1 0.705078 0.638184 0.013672 0.016602
1 0.492188 0.633789 0.009766 0.013672
1 0.402832 0.651367 0.053711 0.050781
1 0.613281 0.629883 0.035156 0.031250
1 0.237793 0.609375 0.010742 0.013672
1 0.576172 0.610840 0.025391 0.018555
1 0.712402 0.614746 0.018555 0.028320
1 0.656738 0.596680 0.012695 0.005859
1 0.770020 0.610352 0.032227 0.035156
1 0.690430 0.610352 0.033203 0.037109
1 0.781738 0.576660 0.016602 0.022461
1 0.709473 0.569824 0.014648 0.010742
1 0.605469 0.562012 0.015625 0.016602
1 0.325684 0.572754 0.084961 0.088867
1 0.710938 0.481934 0.011719 0.016602
1 0.654297 0.474609 0.015625 0.009766
1 0.665039 0.449707 0.007812 0.004883
1 0.652344 0.449219 0.033203 0.035156
1 0.365234 0.435059 0.015625 0.010742
1 0.694824 0.430176 0.030273 0.030273
1 0.704590 0.410645 0.020508 0.012695
1 0.648438 0.410156 0.009766 0.011719
1 0.448242 0.409180 0.013672 0.009766
1 0.416016 0.399902 0.009766 0.008789
1 0.442871 0.387207 0.014648 0.012695
1 0.645020 0.378418 0.014648 0.014648
1 0.524902 0.380859 0.012695 0.019531
1 0.402832 0.368652 0.016602 0.012695
1 0.454590 0.354004 0.014648 0.018555
1 0.360352 0.342285 0.005859 0.008789
1 0.674316 0.350098 0.032227 0.032227
1 0.513184 0.350098 0.081055 0.040039
1 0.680664 0.324707 0.009766 0.010742
1 0.590820 0.313965 0.025391 0.012695
1 0.449219 0.325684 0.072266 0.041992
1 0.534180 0.305664 0.019531 0.017578
1 0.427246 0.290039 0.012695 0.013672
1 0.180664 0.289062 0.019531 0.015625
1 0.195312 0.283691 0.009766 0.006836
1 0.406738 0.281738 0.018555 0.014648
1 0.699707 0.267090 0.030273 0.016602
1 0.706055 0.251953 0.025391 0.013672
1 0.563965 0.247559 0.014648 0.006836
1 0.742676 0.248535 0.026367 0.020508
1 0.546387 0.199219 0.041992 0.037109
2 0.449219 0.708008 0.007812 0.005859
2 0.460449 0.708008 0.010742 0.007812
2 0.455078 0.701660 0.003906 0.004883
2 0.460938 0.700195 0.003906 0.005859
2 0.564941 0.628418 0.004883 0.004883
2 0.467285 0.614746 0.004883 0.006836
2 0.443848 0.604980 0.010742 0.004883
2 0.437012 0.599121 0.008789 0.008789
2 0.462891 0.595703 0.013672 0.009766
2 0.084961 0.588867 0.005859 0.003906
2 0.449219 0.589355 0.007812 0.008789
2 0.427246 0.587891 0.012695 0.007812
2 0.460938 0.584473 0.005859 0.004883
2 0.412598 0.574707 0.004883 0.004883
2 0.666992 0.569824 0.005859 0.006836
2 0.435547 0.570312 0.009766 0.009766
2 0.641602 0.568359 0.011719 0.009766
2 0.630859 0.559570 0.007812 0.005859
2 0.393066 0.557617 0.012695 0.005859
2 0.626953 0.554688 0.003906 0.003906
2 0.458496 0.557617 0.032227 0.015625
2 0.486816 0.567871 0.104492 0.047852
2 0.640137 0.544922 0.004883 0.005859
2 0.580078 0.541504 0.007812 0.006836
2 0.578613 0.532715 0.004883 0.002930
2 0.590332 0.535156 0.014648 0.011719
2 0.610840 0.534180 0.022461 0.021484
2 0.555176 0.523926 0.006836 0.008789
2 0.585938 0.519043 0.009766 0.010742
2 0.488770 0.517578 0.006836 0.009766
2 0.571777 0.518066 0.016602 0.018555
2 0.522461 0.510254 0.003906 0.004883
2 0.513672 0.507812 0.003906 0.003906
2 0.555176 0.507324 0.006836 0.004883
2 0.685547 0.506348 0.005859 0.006836
2 0.500488 0.502441 0.006836 0.004883
2 0.538086 0.505371 0.013672 0.012695
2 0.695312 0.503418 0.009766 0.010742
2 0.701660 0.496582 0.004883 0.002930
2 0.662598 0.497070 0.004883 0.003906
2 0.674805 0.499512 0.009766 0.010742
2 0.452148 0.535645 0.144531 0.083008
2 0.636719 0.507324 0.042969 0.030273
2 0.529785 0.491699 0.008789 0.006836
2 0.461426 0.490723 0.006836 0.004883
2 0.576660 0.490723 0.004883 0.006836
2 0.604980 0.501465 0.024414 0.034180
2 0.472168 0.486816 0.004883 0.004883
2 0.636719 0.487793 0.013672 0.008789
2 0.724609 0.480957 0.005859 0.002930
2 0.693848 0.480957 0.004883 0.002930
2 0.681152 0.486328 0.010742 0.013672
2 0.624512 0.486328 0.010742 0.015625
2 0.525391 0.479492 0.005859 0.003906
2 0.634277 0.478516 0.004883 0.003906
2 0.546387 0.481445 0.010742 0.015625
2 0.465820 0.477051 0.005859 0.010742
2 0.535645 0.477051 0.012695 0.012695
2 0.485352 0.471191 0.003906 0.004883
2 0.634277 0.470703 0.008789 0.005859
2 0.588867 0.490723 0.017578 0.045898
2 0.455566 0.472656 0.010742 0.009766
2 0.534180 0.462891 0.003906 0.009766
2 0.479980 0.476074 0.038086 0.041992
2 0.579590 0.467773 0.020508 0.027344
2 0.451172 0.456543 0.007812 0.006836
2 0.505859 0.453125 0.003906 0.005859
2 0.608398 0.464355 0.033203 0.038086
2 0.603516 0.447266 0.005859 0.005859
2 0.583496 0.446777 0.016602 0.012695
2 0.487793 0.444824 0.014648 0.008789
2 0.608887 0.440430 0.004883 0.003906
2 0.602539 0.440918 0.005859 0.004883
2 0.520996 0.439941 0.006836 0.002930
2 0.457031 0.436523 0.003906 0.003906
2 0.540527 0.445312 0.016602 0.025391
2 0.450684 0.433594 0.006836 0.011719
2 0.388184 0.437012 0.016602 0.018555
2 0.498535 0.430664 0.020508 0.011719
2 0.562012 0.454102 0.032227 0.060547
2 0.356934 0.427246 0.004883 0.006836
2 0.521484 0.423828 0.005859 0.005859
2 0.549316 0.423340 0.006836 0.006836
2 0.463379 0.425781 0.006836 0.011719
2 0.330078 0.422363 0.003906 0.004883
2 0.592285 0.428711 0.032227 0.021484
2 0.480957 0.425293 0.016602 0.024414
2 0.475098 0.412598 0.004883 0.002930
2 0.461914 0.415039 0.013672 0.007812
2 0.625488 0.413086 0.006836 0.005859
2 0.600098 0.417480 0.018555 0.014648
2 0.535645 0.424316 0.020508 0.030273
2 0.514648 0.412109 0.005859 0.005859
2 0.379395 0.413086 0.004883 0.007812
2 0.572266 0.413574 0.013672 0.012695
2 0.595215 0.411621 0.006836 0.012695
2 0.468750 0.407227 0.003906 0.003906
2 0.642090 0.408203 0.006836 0.007812
2 0.558594 0.408691 0.005859 0.010742
2 0.408691 0.406250 0.006836 0.005859
2 0.394531 0.405762 0.005859 0.004883
2 0.586914 0.401855 0.005859 0.008789
2 0.531250 0.401855 0.011719 0.008789
2 0.600586 0.397949 0.005859 0.004883
2 0.505859 0.398438 0.007812 0.005859
2 0.722656 0.432129 0.064453 0.079102
2 0.543457 0.395508 0.002930 0.005859
2 0.396973 0.396973 0.004883 0.008789
2 0.389648 0.393555 0.003906 0.003906
2 0.606445 0.391602 0.005859 0.003906
2 0.299316 0.392090 0.008789 0.006836
2 0.577637 0.390625 0.004883 0.005859
2 0.744629 0.388184 0.008789 0.006836
2 0.321289 0.392090 0.019531 0.024414
2 0.558594 0.380371 0.009766 0.004883
2 0.688965 0.377441 0.004883 0.004883
2 0.360840 0.377441 0.004883 0.006836
2 0.312500 0.373535 0.005859 0.004883
2 0.599121 0.382324 0.020508 0.024414
2 0.333984 0.372559 0.005859 0.006836
2 0.373535 0.372559 0.010742 0.010742
2 0.305176 0.370117 0.004883 0.005859
2 0.343262 0.364258 0.006836 0.003906
2 0.739746 0.366211 0.010742 0.011719
2 0.349609 0.369141 0.009766 0.017578
2 0.292480 0.367188 0.018555 0.013672
2 0.609863 0.363281 0.024414 0.017578
2 0.348633 0.355469 0.003906 0.003906
2 0.301758 0.355469 0.003906 0.003906
2 0.749023 0.354980 0.007812 0.004883
2 0.638184 0.358887 0.008789 0.012695
2 0.604004 0.351562 0.004883 0.003906
2 0.766602 0.352539 0.003906 0.007812
2 0.624512 0.353027 0.012695 0.008789
2 0.613770 0.346680 0.004883 0.007812
2 0.399902 0.344727 0.004883 0.003906
2 0.327148 0.354980 0.041016 0.030273
2 0.650391 0.341309 0.007812 0.006836
2 0.369141 0.341309 0.011719 0.008789
2 0.306641 0.335938 0.003906 0.003906
2 0.405762 0.334473 0.004883 0.004883
2 0.746582 0.339844 0.014648 0.017578
2 0.729004 0.360840 0.053711 0.061523
2 0.315430 0.335449 0.007812 0.010742
2 0.666016 0.328125 0.007812 0.003906
2 0.400391 0.325684 0.003906 0.004883
2 0.352539 0.324219 0.003906 0.003906
2 0.762207 0.324707 0.006836 0.008789
2 0.667480 0.322754 0.006836 0.004883
2 0.739746 0.322266 0.006836 0.007812
2 0.720703 0.315918 0.011719 0.006836
2 0.751465 0.313965 0.008789 0.006836
2 0.295898 0.312988 0.007812 0.004883
2 0.401367 0.315918 0.019531 0.016602
2 0.731934 0.306641 0.010742 0.003906
2 0.712402 0.305664 0.012695 0.007812
2 0.653809 0.303223 0.004883 0.002930
2 0.388672 0.304199 0.005859 0.004883
2 0.604004 0.303223 0.004883 0.004883
2 0.348145 0.305176 0.010742 0.008789
2 0.396973 0.302734 0.004883 0.005859
2 0.291016 0.302734 0.003906 0.005859
2 0.742188 0.300781 0.005859 0.005859
2 0.751465 0.300781 0.008789 0.007812
2 0.355957 0.298340 0.004883 0.004883
2 0.311523 0.297363 0.003906 0.004883
2 0.322266 0.294922 0.003906 0.003906
2 0.722168 0.295410 0.006836 0.008789
2 0.637207 0.293945 0.004883 0.005859
2 0.268066 0.293457 0.004883 0.004883
2 0.304688 0.291992 0.005859 0.003906
2 0.378418 0.294434 0.010742 0.014648
2 0.740723 0.290527 0.006836 0.008789
2 0.708984 0.289551 0.013672 0.010742
2 0.716309 0.284668 0.006836 0.004883
2 0.366211 0.285645 0.015625 0.006836
2 0.322754 0.284668 0.004883 0.004883
2 0.686035 0.304199 0.053711 0.045898
2 0.272949 0.283691 0.004883 0.004883
2 0.728516 0.281250 0.005859 0.003906
2 0.358398 0.281738 0.003906 0.004883
2 0.309082 0.280762 0.006836 0.002930
2 0.708984 0.279785 0.007812 0.004883
2 0.373535 0.275391 0.008789 0.005859
2 0.275879 0.275391 0.004883 0.005859
2 0.583496 0.265625 0.006836 0.003906
2 0.386230 0.271484 0.012695 0.015625
2 0.303711 0.262695 0.003906 0.003906
2 0.329102 0.267090 0.009766 0.014648
2 0.587891 0.259766 0.003906 0.003906
2 0.286621 0.259766 0.006836 0.003906
2 0.630859 0.278320 0.087891 0.044922
2 0.321777 0.257812 0.010742 0.007812
2 0.317871 0.251465 0.004883 0.004883
2 0.303223 0.250977 0.012695 0.005859
2 0.298340 0.245117 0.008789 0.003906
2 0.306641 0.244629 0.003906 0.004883
2 0.324707 0.243164 0.010742 0.003906
2 0.412598 0.238770 0.012695 0.006836
2 0.578613 0.238281 0.004883 0.007812
2 0.515137 0.237793 0.012695 0.010742
2 0.507812 0.231445 0.003906 0.003906
2 0.544434 0.231445 0.008789 0.007812
2 0.520996 0.229492 0.004883 0.003906
2 0.486816 0.232422 0.012695 0.009766
2 0.574219 0.228516 0.003906 0.003906
2 0.602539 0.229492 0.011719 0.007812
2 0.337891 0.232910 0.023438 0.014648
2 0.560059 0.228027 0.012695 0.008789
2 0.547852 0.234375 0.041016 0.021484
2 0.576172 0.221191 0.007812 0.004883
2 0.525391 0.221191 0.009766 0.006836
2 0.703125 0.218750 0.007812 0.003906
2 0.383301 0.219238 0.008789 0.004883
2 0.351074 0.221680 0.012695 0.009766
2 0.488281 0.219238 0.009766 0.006836
2 0.341309 0.217285 0.006836 0.006836
2 0.179199 0.228516 0.022461 0.031250
2 0.500000 0.208984 0.005859 0.003906
2 0.330566 0.209961 0.006836 0.005859
2 0.680176 0.223633 0.034180 0.037109
2 0.402344 0.208496 0.019531 0.014648
2 0.377441 0.205078 0.014648 0.011719
2 0.565430 0.200195 0.007812 0.007812
2 0.376953 0.196289 0.005859 0.003906
2 0.370117 0.194336 0.003906 0.003906
2 0.625000 0.219727 0.066406 0.058594
2 0.620605 0.197266 0.022461 0.015625
2 0.372070 0.184570 0.005859 0.003906
2 0.619629 0.184082 0.008789 0.006836
2 0.364746 0.182617 0.004883 0.003906
2 0.353516 0.194824 0.029297 0.028320
2 0.407715 0.182129 0.006836 0.006836
2 0.350098 0.181152 0.004883 0.004883
2 0.520996 0.182617 0.008789 0.009766
2 0.451660 0.205078 0.065430 0.056641
2 0.388672 0.187500 0.027344 0.023438
2 0.395996 0.174316 0.004883 0.002930
2 0.620117 0.173340 0.005859 0.004883
2 0.607910 0.176758 0.012695 0.011719
2 0.426758 0.195801 0.044922 0.049805
2 0.376953 0.171875 0.005859 0.003906
2 0.518066 0.171387 0.006836 0.004883
2 0.426270 0.170898 0.006836 0.003906
2 0.594238 0.174316 0.008789 0.012695
2 0.580566 0.173828 0.010742 0.011719
2 0.541016 0.171875 0.023438 0.007812
2 0.412598 0.174316 0.016602 0.012695
3 0.307617 0.580566 0.021484 0.028320
3 0.601074 0.557129 0.010742 0.012695
3 0.520508 0.297363 0.023438 0.024414
3 0.236328 0.240234 0.025391 0.017578
4 0.256348 0.485840 0.106445 0.124023