0 0.656738 0.791504 0.008789 0.008789
0 0.666016 0.733398 0.003906 0.003906
0 0.450195 0.727539 0.003906 0.003906
0 0.468750 0.675781 0.005859 0.005859
0 0.207031 0.660156 0.005859 0.005859
0 0.548828 0.657227 0.003906 0.003906
0 0.492188 0.650391 0.005859 0.005859
0 0.216309 0.638184 0.004883 0.004883
0 0.227539 0.633789 0.003906 0.003906
0 0.741211 0.624023 0.003906 0.003906
0 0.714844 0.581055 0.003906 0.003906
0 0.750000 0.577148 0.003906 0.003906
0 0.671875 0.576660 0.003906 0.004883
0 0.635254 0.572754 0.004883 0.004883
0 0.625000 0.557617 0.003906 0.003906
0 0.733887 0.519531 0.004883 0.005859
0 0.674805 0.513184 0.003906 0.004883
0 0.729004 0.508301 0.004883 0.004883
0 0.678711 0.507812 0.003906 0.003906
0 0.657715 0.499023 0.004883 0.005859
0 0.702148 0.496094 0.003906 0.003906
0 0.694336 0.496094 0.003906 0.003906
0 0.678711 0.495117 0.005859 0.005859
0 0.712402 0.493652 0.004883 0.004883
0 0.642578 0.493164 0.005859 0.005859
0 0.773926 0.490234 0.004883 0.003906
0 0.633789 0.488281 0.005859 0.005859
0 0.689941 0.483887 0.004883 0.004883
0 0.666016 0.481445 0.003906 0.003906
0 0.696289 0.478516 0.003906 0.003906
0 0.630371 0.478516 0.004883 0.005859
0 0.818359 0.470703 0.003906 0.003906
0 0.616211 0.470215 0.003906 0.004883
0 0.704590 0.469727 0.006836 0.005859
0 0.650391 0.468262 0.005859 0.004883
0 0.715332 0.461914 0.004883 0.003906
0 0.691406 0.458496 0.005859 0.004883
0 0.706543 0.451660 0.004883 0.004883
0 0.701660 0.447266 0.004883 0.003906
0 0.717773 0.446289 0.003906 0.003906
0 0.728516 0.438477 0.003906 0.003906
0 0.689453 0.438965 0.005859 0.004883
0 0.601074 0.417969 0.004883 0.003906
0 0.719238 0.412109 0.004883 0.003906
0 0.675781 0.401367 0.003906 0.003906
0 0.105957 0.391113 0.004883 0.004883
0 0.409668 0.318359 0.004883 0.003906
0 0.624512 0.301758 0.004883 0.003906
0 0.624023 0.296387 0.005859 0.004883
0 0.416992 0.295898 0.005859 0.005859
0 0.425293 0.293457 0.008789 0.008789
0 0.225098 0.282715 0.004883 0.004883
0 0.722656 0.270508 0.003906 0.003906
0 0.727539 0.267090 0.003906 0.004883
0 0.218750 0.250488 0.007812 0.006836
0 0.191895 0.235352 0.004883 0.003906
0 0.279785 0.220215 0.004883 0.004883
0 0.598633 0.194336 0.003906 0.003906
0 0.230469 0.186523 0.003906 0.003906
0 0.654297 0.173340 0.005859 0.004883
1 0.668457 0.745117 0.014648 0.015625
1 0.732422 0.696777 0.011719 0.016602
1 0.263672 0.659668 0.011719 0.006836
1 0.481445 0.641602 0.017578 0.009766
1 0.729492 0.603516 0.013672 0.007812
1 0.737793 0.598633 0.004883 0.005859
1 0.635254 0.591797 0.008789 0.009766
1 0.621582 0.581055 0.018555 0.017578
1 0.528320 0.565430 0.021484 0.019531
1 0.839355 0.557617 0.018555 0.019531
1 0.736328 0.552246 0.017578 0.018555
1 0.584473 0.544434 0.012695 0.012695
1 0.671387 0.503418 0.004883 0.008789
1 0.650879 0.503418 0.014648 0.016602
1 0.610352 0.481934 0.009766 0.010742
1 0.733398 0.483887 0.035156 0.018555
1 0.753906 0.473145 0.017578 0.018555
1 0.705078 0.459961 0.007812 0.007812
1 0.680176 0.461914 0.026367 0.027344
1 0.696289 0.448730 0.013672 0.012695
1 0.662598 0.443359 0.010742 0.013672
1 0.823730 0.447266 0.024414 0.025391
1 0.710938 0.435059 0.007812 0.006836
1 0.529785 0.423828 0.028320 0.015625
1 0.635742 0.419434 0.009766 0.008789
1 0.654297 0.416016 0.029297 0.027344
1 0.693359 0.373047 0.009766 0.009766
1 0.680176 0.360840 0.026367 0.045898
1 0.643066 0.329590 0.010742 0.006836
1 0.617676 0.309570 0.018555 0.009766
1 0.612793 0.291016 0.010742 0.005859
1 0.232910 0.286133 0.006836 0.007812
1 0.185059 0.238281 0.020508 0.007812
1 0.218750 0.235352 0.007812 0.005859
1 0.297363 0.229492 0.010742 0.009766
1 0.278809 0.225586 0.024414 0.009766
1 0.265137 0.211426 0.016602 0.014648
1 0.282715 0.200684 0.014648 0.008789
1 0.236816 0.195312 0.014648 0.009766
1 0.241699 0.201660 0.030273 0.024414
1 0.239258 0.185059 0.007812 0.006836
2 0.255859 0.664551 0.003906 0.004883
2 0.602539 0.657227 0.007812 0.005859
2 0.523438 0.578125 0.003906 0.003906
2 0.524902 0.567871 0.008789 0.006836
2 0.762207 0.562500 0.004883 0.003906
2 0.562500 0.507812 0.003906 0.003906
2 0.561035 0.501465 0.002930 0.004883
2 0.503418 0.496582 0.006836 0.006836
2 0.749512 0.483887 0.004883 0.004883
2 0.560059 0.480957 0.006836 0.006836
2 0.478516 0.480957 0.005859 0.006836
2 0.532227 0.479004 0.003906 0.006836
2 0.535156 0.471680 0.005859 0.005859
2 0.553223 0.468750 0.002930 0.005859
2 0.520508 0.469727 0.009766 0.011719
2 0.511230 0.467285 0.006836 0.008789
2 0.553223 0.461426 0.002930 0.004883
3 0.814941 0.613770 0.018555 0.032227
4 0.258789 0.463379 0.103516 0.124023