0 0.626465 0.813965 0.004883 0.004883
0 0.653320 0.811523 0.003906 0.003906
0 0.213867 0.794922 0.003906 0.003906
0 0.706055 0.787109 0.005859 0.003906
0 0.367676 0.777832 0.004883 0.004883
0 0.550781 0.775391 0.003906 0.003906
0 0.181641 0.757812 0.003906 0.003906
0 0.380859 0.750000 0.003906 0.003906
0 0.403320 0.749512 0.005859 0.004883
0 0.241211 0.706543 0.009766 0.008789
0 0.393555 0.695312 0.003906 0.003906
0 0.398438 0.692383 0.003906 0.003906
0 0.386719 0.685547 0.003906 0.003906
0 0.415039 0.675293 0.005859 0.004883
0 0.327148 0.666016 0.003906 0.003906
0 0.162598 0.655273 0.006836 0.005859
0 0.135742 0.599609 0.005859 0.005859
0 0.452637 0.570801 0.006836 0.008789
0 0.339844 0.569824 0.007812 0.006836
0 0.140625 0.547852 0.005859 0.005859
0 0.082031 0.546875 0.007812 0.007812
0 0.297852 0.543945 0.007812 0.007812
0 0.509766 0.541016 0.003906 0.003906
0 0.302246 0.531250 0.004883 0.005859
0 0.183594 0.523926 0.003906 0.004883
0 0.091797 0.522949 0.003906 0.004883
0 0.342285 0.519043 0.004883 0.004883
0 0.346680 0.515137 0.003906 0.004883
0 0.482422 0.485352 0.003906 0.003906
0 0.152344 0.481445 0.005859 0.005859
0 0.345215 0.471191 0.004883 0.004883
0 0.635742 0.466797 0.003906 0.003906
0 0.504883 0.456543 0.005859 0.004883
0 0.302734 0.456055 0.003906 0.003906
0 0.374512 0.455566 0.006836 0.004883
0 0.619141 0.433594 0.003906 0.003906
0 0.584961 0.424316 0.003906 0.004883
0 0.254883 0.417969 0.003906 0.003906
0 0.239258 0.413086 0.003906 0.003906
0 0.523438 0.396484 0.003906 0.003906
0 0.240723 0.345215 0.004883 0.004883
0 0.369629 0.328613 0.004883 0.004883
0 0.231445 0.291504 0.011719 0.010742
0 0.713379 0.282227 0.008789 0.009766
0 0.691406 0.274414 0.005859 0.005859
0 0.229492 0.196289 0.005859 0.007812
0 0.664551 0.194336 0.006836 0.005859
1 0.423340 0.815430 0.022461 0.011719
1 0.375000 0.793945 0.013672 0.013672
1 0.386719 0.788574 0.007812 0.006836
1 0.586914 0.787109 0.015625 0.007812
1 0.226074 0.780762 0.008789 0.006836
1 0.298340 0.777832 0.008789 0.004883
1 0.540527 0.753906 0.010742 0.009766
1 0.209473 0.750488 0.006836 0.008789
1 0.448242 0.713379 0.005859 0.004883
1 0.432129 0.710449 0.006836 0.004883
1 0.354980 0.695312 0.008789 0.007812
1 0.215332 0.685547 0.006836 0.005859
1 0.149414 0.658691 0.005859 0.010742
1 0.302246 0.652344 0.010742 0.009766
1 0.245605 0.611816 0.014648 0.008789
1 0.306641 0.612305 0.042969 0.021484
1 0.178711 0.622070 0.033203 0.041016
1 0.103516 0.598145 0.021484 0.028320
1 0.084961 0.586914 0.019531 0.029297
1 0.167969 0.567383 0.005859 0.005859
1 0.177246 0.549805 0.006836 0.009766
1 0.107422 0.535645 0.007812 0.004883
1 0.343750 0.535156 0.005859 0.007812
1 0.183594 0.531250 0.007812 0.005859
1 0.381836 0.525879 0.005859 0.002930
1 0.250000 0.529785 0.005859 0.010742
1 0.118164 0.511719 0.021484 0.017578
1 0.105957 0.500488 0.008789 0.008789
1 0.091797 0.489746 0.013672 0.018555
1 0.338867 0.405762 0.005859 0.008789
1 0.193848 0.297363 0.024414 0.022461
1 0.416992 0.270996 0.007812 0.006836
1 0.603027 0.206055 0.055664 0.029297
1 0.577637 0.187012 0.008789 0.006836
2 0.451172 0.750977 0.005859 0.003906
2 0.547852 0.751953 0.007812 0.007812
2 0.395508 0.747070 0.003906 0.009766
2 0.526367 0.740723 0.007812 0.010742
2 0.420410 0.734375 0.004883 0.003906
2 0.452637 0.732422 0.006836 0.005859
2 0.430176 0.729492 0.004883 0.007812
2 0.445801 0.727051 0.008789 0.014648
2 0.421875 0.707031 0.005859 0.007812
2 0.412598 0.699707 0.004883 0.006836
2 0.372559 0.648438 0.004883 0.005859
2 0.280273 0.647949 0.019531 0.018555
2 0.348633 0.635742 0.005859 0.003906
2 0.293945 0.635742 0.009766 0.007812
2 0.340820 0.625488 0.005859 0.004883
2 0.413574 0.623047 0.016602 0.007812
2 0.272949 0.569824 0.006836 0.004883
2 0.199219 0.558594 0.003906 0.003906
2 0.240723 0.557129 0.006836 0.004883
2 0.209473 0.556641 0.008789 0.005859
2 0.199707 0.546875 0.004883 0.007812
2 0.217285 0.546875 0.034180 0.023438
2 0.443848 0.535156 0.006836 0.005859
2 0.191406 0.533691 0.005859 0.004883
2 0.234863 0.534180 0.004883 0.007812
2 0.198730 0.532227 0.006836 0.007812
2 0.382324 0.530273 0.016602 0.005859
2 0.365234 0.527832 0.007812 0.004883
2 0.395996 0.528320 0.012695 0.009766
2 0.418457 0.527344 0.008789 0.009766
2 0.427734 0.522461 0.007812 0.003906
2 0.405762 0.524414 0.014648 0.015625
2 0.426758 0.515137 0.005859 0.006836
2 0.419434 0.511719 0.004883 0.005859
2 0.410156 0.508301 0.007812 0.002930
2 0.428711 0.510742 0.039062 0.019531
2 0.217773 0.499512 0.003906 0.004883
2 0.420410 0.499023 0.008789 0.005859
2 0.232910 0.510254 0.022461 0.032227
2 0.165527 0.496582 0.006836 0.006836
2 0.228027 0.492188 0.010742 0.011719
2 0.164551 0.488281 0.006836 0.003906
2 0.103027 0.484863 0.004883 0.004883
2 0.207520 0.483398 0.004883 0.005859
2 0.213867 0.482422 0.003906 0.007812
2 0.191895 0.480469 0.004883 0.005859
2 0.219727 0.480957 0.005859 0.010742
2 0.181641 0.479004 0.005859 0.008789
2 0.538574 0.429199 0.012695 0.006836
2 0.451172 0.414062 0.005859 0.003906
2 0.514648 0.416504 0.007812 0.010742
2 0.501953 0.408203 0.015625 0.007812
2 0.442871 0.401855 0.004883 0.004883
2 0.524414 0.404297 0.011719 0.011719
2 0.498535 0.398438 0.004883 0.005859
2 0.452637 0.391602 0.006836 0.003906
2 0.537109 0.392578 0.017578 0.017578
2 0.275391 0.378906 0.005859 0.003906
2 0.425781 0.375488 0.003906 0.004883
2 0.286133 0.366699 0.005859 0.008789
2 0.442871 0.337891 0.004883 0.003906
2 0.414062 0.337891 0.003906 0.003906
2 0.455078 0.335938 0.009766 0.005859
2 0.426270 0.335938 0.020508 0.011719
2 0.450195 0.331543 0.005859 0.006836
2 0.377441 0.327637 0.006836 0.006836
2 0.451660 0.325195 0.004883 0.003906
2 0.463379 0.325684 0.008789 0.006836
2 0.414551 0.323242 0.008789 0.007812
2 0.345703 0.321777 0.003906 0.004883
2 0.460449 0.320801 0.006836 0.004883
2 0.414062 0.314941 0.003906 0.004883
2 0.449219 0.313965 0.011719 0.010742
2 0.442871 0.308105 0.006836 0.006836
2 0.468262 0.306641 0.008789 0.005859
2 0.479004 0.306152 0.010742 0.008789
2 0.329590 0.252441 0.006836 0.006836
2 0.454590 0.215332 0.012695 0.006836
2 0.464355 0.199707 0.016602 0.006836
4 0.759766 0.496582 0.117188 0.120117