0 0.703125 0.741211 0.003906 0.003906
0 0.468750 0.677734 0.005859 0.003906
0 0.359375 0.531250 0.003906 0.003906
0 0.515137 0.460938 0.004883 0.005859
0 0.572754 0.347168 0.004883 0.004883
0 0.609863 0.298828 0.004883 0.003906
0 0.613281 0.199219 0.003906 0.003906
0 0.371094 0.188965 0.003906 0.004883
1 0.755859 0.627441 0.005859 0.010742
1 0.738281 0.561523 0.007812 0.009766
1 0.740234 0.431152 0.005859 0.004883
1 0.663574 0.234863 0.002930 0.006836
2 0.327637 0.516113 0.010742 0.020508
4 0.253906 0.489746 0.117188 0.143555