0 0.708008 0.670410 0.003906 0.004883
0 0.155273 0.551270 0.005859 0.006836
0 0.114258 0.536133 0.003906 0.003906
0 0.541992 0.487793 0.003906 0.004883
0 0.138184 0.480957 0.004883 0.004883
0 0.841309 0.466309 0.006836 0.004883
0 0.429688 0.338867 0.005859 0.005859
0 0.309082 0.297363 0.004883 0.004883
0 0.678223 0.231934 0.004883 0.004883
0 0.499023 0.209961 0.003906 0.003906
1 0.389160 0.773926 0.028320 0.028320
1 0.662109 0.782227 0.107422 0.046875
1 0.583008 0.656738 0.009766 0.008789
1 0.776855 0.620117 0.026367 0.025391
1 0.825195 0.532227 0.013672 0.017578
1 0.808105 0.511719 0.012695 0.007812
1 0.350098 0.504395 0.010742 0.006836
1 0.632812 0.207031 0.013672 0.017578
1 0.280273 0.193359 0.003906 0.007812
2 0.126953 0.675293 0.005859 0.010742
2 0.349121 0.588867 0.004883 0.005859
2 0.343750 0.576660 0.003906 0.004883
2 0.334473 0.568848 0.004883 0.004883
2 0.355957 0.562988 0.006836 0.006836
2 0.357422 0.549805 0.005859 0.003906
2 0.330078 0.542969 0.031250 0.009766
2 0.207031 0.461426 0.007812 0.010742
2 0.154785 0.457031 0.016602 0.015625
2 0.142090 0.449707 0.008789 0.008789
2 0.129883 0.445801 0.005859 0.002930
2 0.189453 0.446289 0.005859 0.005859
2 0.124023 0.445312 0.003906 0.005859
2 0.118652 0.445801 0.012695 0.014648
2 0.181641 0.440918 0.005859 0.006836
2 0.139160 0.428223 0.010742 0.010742
2 0.495117 0.424805 0.007812 0.009766
2 0.154297 0.422852 0.007812 0.005859
2 0.118652 0.424316 0.012695 0.010742
2 0.169922 0.430176 0.023438 0.026367
2 0.185059 0.414551 0.012695 0.010742
2 0.112793 0.405762 0.006836 0.004883
2 0.494141 0.405762 0.007812 0.008789
2 0.137207 0.404785 0.006836 0.008789
2 0.148438 0.402832 0.009766 0.012695
2 0.162598 0.397461 0.004883 0.007812
2 0.539062 0.387695 0.005859 0.007812
2 0.499512 0.378906 0.012695 0.015625
2 0.605957 0.346680 0.014648 0.011719
2 0.153320 0.258789 0.005859 0.005859
2 0.476074 0.256348 0.008789 0.008789
2 0.396484 0.229492 0.005859 0.005859
2 0.460449 0.218262 0.008789 0.006836
2 0.445801 0.219238 0.012695 0.008789
2 0.434570 0.212402 0.005859 0.006836
2 0.363770 0.208984 0.004883 0.003906
2 0.354980 0.205078 0.006836 0.005859
2 0.405762 0.201660 0.004883 0.004883
2 0.396973 0.200195 0.004883 0.003906
2 0.390137 0.198730 0.002930 0.006836
2 0.366211 0.197754 0.005859 0.004883
2 0.333496 0.188965 0.004883 0.004883
2 0.351562 0.187012 0.003906 0.008789
2 0.438965 0.180664 0.006836 0.007812
2 0.417480 0.174805 0.004883 0.005859
3 0.662109 0.197266 0.050781 0.048828
4 0.634277 0.449219 0.143555 0.154297