0 0.468262 0.740234 0.004883 0.003906
0 0.219727 0.711914 0.005859 0.005859
0 0.302734 0.674316 0.005859 0.004883
0 0.214355 0.651855 0.004883 0.004883
0 0.326660 0.624023 0.004883 0.003906
0 0.308594 0.622070 0.003906 0.003906
0 0.196289 0.590332 0.005859 0.006836
0 0.309570 0.578613 0.003906 0.004883
0 0.572754 0.510742 0.004883 0.003906
0 0.403320 0.484375 0.005859 0.005859
0 0.359863 0.387695 0.004883 0.003906
0 0.367188 0.375488 0.003906 0.004883
0 0.433105 0.347168 0.004883 0.004883
0 0.432617 0.338379 0.003906 0.004883
0 0.488770 0.335938 0.004883 0.003906
0 0.485352 0.329590 0.003906 0.006836
0 0.439453 0.328613 0.005859 0.004883
0 0.496582 0.320312 0.004883 0.003906
0 0.313965 0.298340 0.008789 0.006836
0 0.350586 0.260742 0.005859 0.005859
0 0.404785 0.256836 0.004883 0.003906
0 0.343262 0.245605 0.004883 0.004883
1 0.300293 0.817871 0.012695 0.006836
1 0.185059 0.739746 0.020508 0.016602
1 0.765137 0.739258 0.045898 0.048828
1 0.467773 0.621582 0.054688 0.030273
1 0.222168 0.559082 0.004883 0.006836
1 0.168457 0.513672 0.012695 0.009766
1 0.852051 0.514160 0.016602 0.024414
1 0.209473 0.502441 0.006836 0.006836
1 0.395020 0.489258 0.010742 0.015625
1 0.449219 0.248535 0.033203 0.010742
2 0.312012 0.649414 0.004883 0.007812
2 0.287109 0.530273 0.003906 0.005859
2 0.447754 0.410645 0.004883 0.004883
2 0.494629 0.365234 0.004883 0.005859
2 0.448730 0.304199 0.002930 0.004883
2 0.459961 0.293457 0.005859 0.004883
2 0.447754 0.290039 0.004883 0.005859
2 0.465820 0.277832 0.005859 0.004883
2 0.456055 0.278809 0.003906 0.006836
2 0.448242 0.280762 0.005859 0.010742
4 0.678223 0.517090 0.118164 0.124023