0 0.214355 0.719238 0.004883 0.004883
0 0.136230 0.562012 0.004883 0.004883
0 0.251953 0.405273 0.005859 0.003906
0 0.218750 0.396484 0.003906 0.003906
0 0.208008 0.363770 0.003906 0.004883
0 0.647949 0.292969 0.004883 0.003906
1 0.449707 0.714844 0.008789 0.011719
1 0.443848 0.711426 0.010742 0.012695
1 0.337891 0.563477 0.013672 0.021484
1 0.427246 0.338379 0.008789 0.006836
2 0.188965 0.716797 0.008789 0.009766
2 0.457520 0.708496 0.004883 0.004883
2 0.202148 0.715820 0.009766 0.019531
2 0.173828 0.712891 0.013672 0.013672
2 0.177734 0.704102 0.003906 0.007812
2 0.157715 0.698242 0.004883 0.005859
2 0.438965 0.693359 0.004883 0.003906
2 0.219238 0.693848 0.006836 0.004883
2 0.213379 0.688965 0.004883 0.002930
2 0.222656 0.688965 0.005859 0.004883
2 0.165527 0.691406 0.012695 0.009766
2 0.197266 0.690430 0.015625 0.009766
2 0.407715 0.680176 0.006836 0.006836
2 0.203125 0.677734 0.005859 0.003906
2 0.203125 0.666016 0.005859 0.005859
2 0.179199 0.648926 0.004883 0.004883
2 0.198242 0.612305 0.003906 0.003906
2 0.137695 0.577637 0.005859 0.004883
2 0.707520 0.567383 0.004883 0.005859
2 0.821777 0.563965 0.006836 0.006836
2 0.327148 0.549316 0.009766 0.006836
2 0.318848 0.547852 0.006836 0.009766
2 0.342285 0.546875 0.010742 0.011719
2 0.348633 0.539551 0.003906 0.004883
2 0.713867 0.537109 0.005859 0.007812
2 0.720703 0.521973 0.005859 0.004883
2 0.364746 0.524902 0.018555 0.010742
2 0.086914 0.432129 0.003906 0.006836
2 0.363770 0.425781 0.004883 0.005859
2 0.523926 0.334961 0.008789 0.009766
2 0.538574 0.331055 0.004883 0.005859
2 0.776855 0.265137 0.004883 0.006836
2 0.214844 0.258789 0.005859 0.003906
2 0.211914 0.245117 0.007812 0.007812
2 0.664062 0.228027 0.011719 0.020508
4 0.651367 0.522461 0.091797 0.097656