0 0.443848 0.702637 0.004883 0.004883
0 0.730957 0.678711 0.004883 0.005859
0 0.558594 0.591797 0.003906 0.003906
0 0.385254 0.584961 0.004883 0.003906
0 0.776855 0.581055 0.004883 0.005859
0 0.426270 0.576660 0.004883 0.004883
0 0.273926 0.542969 0.006836 0.005859
0 0.585449 0.522949 0.004883 0.004883
0 0.611328 0.510254 0.003906 0.004883
0 0.644043 0.504395 0.004883 0.004883
0 0.580078 0.479004 0.003906 0.004883
0 0.664062 0.418457 0.003906 0.004883
0 0.539062 0.415039 0.005859 0.005859
0 0.666992 0.411621 0.005859 0.004883
0 0.513672 0.403320 0.003906 0.003906
0 0.673828 0.400879 0.005859 0.004883
0 0.386230 0.356445 0.006836 0.005859
0 0.537109 0.351562 0.003906 0.003906
0 0.299805 0.340820 0.003906 0.003906
0 0.566895 0.308594 0.004883 0.003906
1 0.553711 0.684082 0.003906 0.006836
1 0.451172 0.679199 0.005859 0.004883
1 0.467285 0.613281 0.014648 0.007812
1 0.657715 0.603516 0.006836 0.003906
1 0.755859 0.593750 0.005859 0.003906
1 0.570801 0.581543 0.004883 0.006836
1 0.769531 0.575684 0.005859 0.008789
1 0.753418 0.558105 0.006836 0.006836
1 0.631836 0.541992 0.011719 0.015625
1 0.720215 0.536133 0.006836 0.007812
1 0.752441 0.506836 0.004883 0.005859
1 0.666992 0.506348 0.005859 0.006836
1 0.681152 0.503418 0.008789 0.010742
1 0.653320 0.503906 0.007812 0.011719
1 0.487793 0.474609 0.012695 0.015625
1 0.714844 0.440918 0.007812 0.004883
1 0.814453 0.430664 0.005859 0.007812
1 0.541016 0.340820 0.005859 0.011719
1 0.482422 0.317871 0.005859 0.004883
1 0.585938 0.320801 0.015625 0.018555
1 0.546387 0.255371 0.008789 0.004883
2 0.199219 0.713379 0.005859 0.006836
2 0.306641 0.688965 0.005859 0.004883
2 0.309570 0.682617 0.007812 0.005859
2 0.700195 0.656738 0.003906 0.004883
2 0.704102 0.652344 0.005859 0.003906
2 0.717285 0.644043 0.004883 0.004883
2 0.697266 0.638672 0.015625 0.011719
2 0.680176 0.635254 0.006836 0.006836
2 0.731445 0.630859 0.003906 0.003906
2 0.718262 0.626953 0.008789 0.009766
2 0.710449 0.625000 0.004883 0.005859
2 0.820801 0.616699 0.004883 0.004883
2 0.713867 0.614746 0.003906 0.006836
2 0.683105 0.617676 0.012695 0.012695
2 0.721191 0.609375 0.008789 0.009766
2 0.663574 0.607910 0.004883 0.008789
2 0.660645 0.599609 0.004883 0.003906
2 0.723145 0.595215 0.004883 0.004883
2 0.683594 0.591309 0.007812 0.004883
2 0.699219 0.588379 0.003906 0.006836
2 0.622559 0.588867 0.004883 0.009766
2 0.610840 0.584961 0.010742 0.009766
2 0.689453 0.581055 0.009766 0.013672
2 0.740723 0.573730 0.012695 0.012695
2 0.612305 0.546875 0.003906 0.003906
2 0.512207 0.547852 0.010742 0.009766
2 0.495605 0.545410 0.006836 0.008789
2 0.659668 0.535645 0.002930 0.006836
2 0.703613 0.530762 0.004883 0.004883
2 0.640625 0.528320 0.005859 0.005859
2 0.687988 0.546387 0.028320 0.043945
2 0.667969 0.528320 0.011719 0.021484
2 0.654785 0.524414 0.018555 0.019531
2 0.620605 0.519531 0.006836 0.009766
2 0.615234 0.514648 0.007812 0.007812
2 0.683105 0.511230 0.006836 0.006836
2 0.645996 0.513672 0.012695 0.017578
2 0.529297 0.508301 0.005859 0.006836
2 0.538574 0.505371 0.006836 0.006836
2 0.486328 0.504883 0.007812 0.005859
2 0.500488 0.506348 0.012695 0.010742
2 0.546875 0.501465 0.007812 0.006836
2 0.655273 0.495605 0.005859 0.004883
2 0.716309 0.501465 0.020508 0.020508
2 0.491699 0.495605 0.010742 0.010742
2 0.438965 0.494141 0.008789 0.007812
2 0.708984 0.491211 0.015625 0.019531
2 0.648926 0.482910 0.006836 0.004883
2 0.696289 0.480957 0.009766 0.012695
2 0.674805 0.475586 0.005859 0.005859
2 0.631348 0.491699 0.028320 0.038086
2 0.712402 0.470703 0.006836 0.005859
2 0.697266 0.469238 0.007812 0.004883
2 0.658691 0.462891 0.010742 0.007812
2 0.655762 0.458496 0.004883 0.004883
2 0.693359 0.462402 0.039062 0.040039
2 0.569824 0.441406 0.004883 0.005859
2 0.666992 0.445801 0.025391 0.020508
2 0.609863 0.450684 0.034180 0.032227
2 0.639160 0.449219 0.020508 0.035156
2 0.811035 0.418945 0.004883 0.003906
2 0.757324 0.419434 0.016602 0.014648
2 0.744141 0.411621 0.021484 0.012695
2 0.771973 0.393555 0.006836 0.005859
2 0.665039 0.380371 0.003906 0.004883
2 0.468750 0.355957 0.009766 0.014648
2 0.475098 0.348633 0.004883 0.005859
2 0.505371 0.351074 0.006836 0.012695
2 0.505371 0.326172 0.004883 0.003906
2 0.497559 0.330566 0.020508 0.018555
2 0.471191 0.325195 0.006836 0.007812
2 0.479004 0.322754 0.004883 0.006836
2 0.498047 0.319336 0.005859 0.005859
2 0.462402 0.326172 0.026367 0.025391
2 0.488770 0.315430 0.010742 0.007812
2 0.472168 0.305176 0.014648 0.014648
2 0.486816 0.301270 0.012695 0.010742
2 0.478516 0.288574 0.011719 0.006836
2 0.463867 0.285645 0.009766 0.008789
2 0.390625 0.275879 0.005859 0.004883
2 0.383301 0.289062 0.014648 0.031250
2 0.464844 0.274902 0.007812 0.008789
2 0.473145 0.270508 0.010742 0.007812
2 0.597168 0.217285 0.004883 0.004883
2 0.465820 0.216797 0.005859 0.003906
4 0.168457 0.462891 0.110352 0.125000