0 0.423340 0.826172 0.004883 0.005859
0 0.428223 0.822266 0.004883 0.003906
0 0.566895 0.798828 0.004883 0.003906
0 0.654785 0.746094 0.004883 0.005859
0 0.753906 0.742676 0.005859 0.004883
0 0.751953 0.735840 0.005859 0.006836
0 0.255371 0.727539 0.004883 0.003906
0 0.213379 0.727539 0.004883 0.003906
0 0.408203 0.715820 0.003906 0.003906
0 0.716309 0.711426 0.004883 0.004883
0 0.229492 0.698242 0.005859 0.005859
0 0.416992 0.688965 0.005859 0.006836
0 0.454102 0.684570 0.003906 0.003906
0 0.333496 0.679688 0.004883 0.003906
0 0.140625 0.657227 0.003906 0.003906
0 0.280762 0.640625 0.004883 0.003906
0 0.276367 0.587891 0.005859 0.003906
0 0.133789 0.571289 0.003906 0.003906
0 0.292969 0.464844 0.003906 0.003906
0 0.530273 0.463379 0.003906 0.004883
0 0.264160 0.440918 0.004883 0.002930
0 0.320312 0.437500 0.003906 0.003906
0 0.731934 0.386230 0.006836 0.008789
0 0.446289 0.378906 0.003906 0.003906
0 0.437500 0.354004 0.005859 0.004883
0 0.139160 0.353516 0.004883 0.005859
0 0.160156 0.340332 0.005859 0.006836
0 0.427734 0.337891 0.003906 0.003906
0 0.177734 0.334961 0.003906 0.003906
0 0.416992 0.323242 0.005859 0.005859
0 0.202637 0.311523 0.004883 0.003906
0 0.266602 0.272461 0.003906 0.003906
0 0.585938 0.256836 0.005859 0.005859
0 0.721680 0.234375 0.003906 0.003906
0 0.536621 0.222168 0.004883 0.004883
0 0.576172 0.216797 0.003906 0.003906
0 0.569336 0.181641 0.007812 0.005859
0 0.486816 0.175293 0.004883 0.004883
1 0.406738 0.801758 0.045898 0.021484
1 0.597168 0.807129 0.118164 0.045898
1 0.423828 0.757812 0.009766 0.009766
1 0.529297 0.743652 0.005859 0.012695
1 0.520508 0.743652 0.007812 0.014648
1 0.183105 0.727051 0.006836 0.004883
1 0.324707 0.720703 0.014648 0.009766
1 0.734863 0.722168 0.016602 0.065430
1 0.228027 0.666992 0.012695 0.011719
1 0.349121 0.654297 0.008789 0.005859
1 0.226562 0.640625 0.009766 0.017578
1 0.250000 0.651367 0.037109 0.046875
1 0.244629 0.620605 0.010742 0.006836
1 0.234863 0.624512 0.006836 0.014648
1 0.207031 0.611328 0.011719 0.009766
1 0.237793 0.596191 0.006836 0.006836
1 0.210449 0.590820 0.018555 0.011719
1 0.318848 0.584961 0.040039 0.019531
1 0.215332 0.577148 0.006836 0.005859
1 0.202637 0.540527 0.006836 0.006836
1 0.325195 0.503906 0.009766 0.009766
1 0.227051 0.461426 0.012695 0.014648
1 0.221680 0.451172 0.005859 0.005859
1 0.414062 0.435547 0.011719 0.013672
1 0.341309 0.388184 0.041992 0.024414
1 0.311523 0.375488 0.017578 0.018555
1 0.370605 0.363770 0.030273 0.034180
1 0.216309 0.349121 0.004883 0.010742
1 0.205566 0.318848 0.010742 0.006836
1 0.387695 0.321777 0.023438 0.032227
1 0.327637 0.316895 0.045898 0.041992
1 0.242676 0.303711 0.020508 0.017578
1 0.208008 0.297363 0.019531 0.014648
1 0.321777 0.291504 0.010742 0.012695
1 0.788574 0.292480 0.024414 0.018555
1 0.385742 0.279297 0.023438 0.005859
1 0.706055 0.259766 0.003906 0.011719
1 0.208984 0.244629 0.009766 0.006836
1 0.351074 0.241211 0.018555 0.009766
1 0.305664 0.234375 0.015625 0.007812
1 0.717773 0.222656 0.009766 0.011719
1 0.499023 0.215332 0.011719 0.006836
1 0.626465 0.187988 0.010742 0.010742
2 0.329102 0.824707 0.003906 0.004883
2 0.313477 0.804688 0.003906 0.003906
2 0.398926 0.779785 0.004883 0.006836
2 0.346191 0.775391 0.004883 0.005859
2 0.218750 0.760254 0.005859 0.002930
2 0.251953 0.753906 0.011719 0.007812
2 0.240723 0.749023 0.004883 0.005859
2 0.391113 0.740234 0.010742 0.009766
2 0.430664 0.727539 0.003906 0.007812
2 0.373047 0.727051 0.005859 0.006836
2 0.353027 0.745605 0.045898 0.045898
2 0.365723 0.720215 0.004883 0.004883
2 0.207031 0.718750 0.003906 0.003906
2 0.193848 0.719238 0.004883 0.006836
2 0.308105 0.740234 0.053711 0.050781
2 0.181152 0.715820 0.010742 0.007812
2 0.229492 0.717773 0.019531 0.015625
2 0.181641 0.707520 0.005859 0.006836
2 0.215332 0.713867 0.008789 0.021484
2 0.205566 0.706055 0.012695 0.011719
2 0.463867 0.707031 0.015625 0.023438
2 0.190918 0.704102 0.014648 0.017578
2 0.262695 0.694336 0.009766 0.005859
2 0.206543 0.686035 0.012695 0.006836
2 0.390625 0.685059 0.005859 0.008789
2 0.192871 0.666504 0.008789 0.010742
2 0.216309 0.663086 0.004883 0.005859
2 0.394531 0.661133 0.009766 0.031250
2 0.187988 0.645508 0.004883 0.007812
2 0.399902 0.633789 0.004883 0.007812
2 0.205078 0.632324 0.003906 0.004883
2 0.183105 0.632324 0.004883 0.004883
2 0.403809 0.622559 0.008789 0.008789
2 0.396973 0.613281 0.004883 0.005859
2 0.408203 0.612793 0.005859 0.006836
2 0.429688 0.611328 0.009766 0.013672
2 0.416504 0.607910 0.006836 0.006836
2 0.387207 0.604492 0.004883 0.003906
2 0.395020 0.608398 0.030273 0.025391
2 0.348633 0.597656 0.003906 0.005859
2 0.420898 0.600586 0.009766 0.015625
2 0.401855 0.589355 0.004883 0.004883
2 0.428711 0.586426 0.005859 0.006836
2 0.421875 0.579102 0.011719 0.007812
2 0.372559 0.586426 0.049805 0.040039
2 0.386719 0.562012 0.003906 0.004883
2 0.377441 0.544922 0.004883 0.003906
2 0.363770 0.546387 0.006836 0.006836
2 0.187012 0.532715 0.010742 0.006836
2 0.375977 0.530762 0.003906 0.004883
2 0.179688 0.518555 0.023438 0.017578
2 0.304199 0.481445 0.004883 0.005859
2 0.309570 0.479492 0.003906 0.003906
2 0.613281 0.479980 0.003906 0.010742
2 0.240723 0.469727 0.006836 0.005859
2 0.432617 0.467285 0.003906 0.008789
2 0.463867 0.462402 0.007812 0.006836
2 0.423340 0.474609 0.010742 0.031250
2 0.253906 0.469727 0.021484 0.021484
2 0.314453 0.459961 0.003906 0.009766
2 0.605469 0.456543 0.003906 0.006836
2 0.243164 0.455078 0.005859 0.003906
2 0.441406 0.458008 0.009766 0.013672
2 0.214844 0.451660 0.003906 0.004883
2 0.619629 0.452637 0.008789 0.008789
2 0.484375 0.448242 0.005859 0.007812
2 0.504883 0.449707 0.007812 0.014648
2 0.353027 0.458008 0.012695 0.031250
2 0.344238 0.444824 0.004883 0.004883
2 0.613770 0.446289 0.008789 0.009766
2 0.789551 0.443848 0.006836 0.006836
2 0.287598 0.444336 0.008789 0.009766
2 0.250488 0.441406 0.004883 0.005859
2 0.430176 0.448730 0.010742 0.022461
2 0.327637 0.441406 0.004883 0.007812
2 0.494629 0.438477 0.006836 0.007812
2 0.428223 0.438477 0.022461 0.017578
2 0.401367 0.434082 0.005859 0.008789
2 0.217285 0.434570 0.008789 0.011719
2 0.496582 0.430664 0.006836 0.005859
2 0.291504 0.429688 0.022461 0.007812
2 0.468262 0.439941 0.012695 0.030273
2 0.450684 0.436523 0.018555 0.027344
2 0.502930 0.425293 0.003906 0.006836
2 0.319336 0.425781 0.009766 0.007812
2 0.516113 0.423340 0.004883 0.004883
2 0.482422 0.430176 0.009766 0.018555
2 0.280273 0.421875 0.013672 0.009766
2 0.436035 0.419922 0.006836 0.007812
2 0.397461 0.419922 0.005859 0.007812
2 0.269531 0.416992 0.003906 0.003906
2 0.484375 0.416992 0.005859 0.005859
2 0.515625 0.416016 0.005859 0.005859
2 0.469727 0.419434 0.017578 0.014648
2 0.383301 0.412109 0.004883 0.003906
2 0.479980 0.412109 0.010742 0.005859
2 0.230469 0.413574 0.003906 0.008789
2 0.252441 0.418945 0.018555 0.021484
2 0.460938 0.409180 0.005859 0.005859
2 0.425293 0.408203 0.008789 0.007812
2 0.439941 0.409180 0.006836 0.011719
2 0.479980 0.403320 0.016602 0.011719
2 0.349609 0.398926 0.005859 0.004883
2 0.369141 0.401367 0.033203 0.017578
2 0.501953 0.393066 0.009766 0.008789
2 0.515625 0.387207 0.009766 0.008789
2 0.501465 0.383789 0.004883 0.005859
2 0.491699 0.389160 0.014648 0.030273
2 0.518555 0.373535 0.005859 0.006836
2 0.505859 0.372070 0.003906 0.007812
2 0.401367 0.390625 0.037109 0.044922
2 0.484375 0.370117 0.009766 0.009766
2 0.415527 0.376953 0.020508 0.029297
2 0.396973 0.365234 0.004883 0.005859
2 0.513672 0.365234 0.011719 0.007812
2 0.484863 0.357422 0.004883 0.005859
2 0.494141 0.353516 0.003906 0.003906
2 0.307129 0.358398 0.014648 0.013672
2 0.406250 0.346680 0.009766 0.007812
2 0.472656 0.347656 0.009766 0.011719
2 0.462402 0.342285 0.006836 0.012695
2 0.455078 0.330566 0.013672 0.008789
2 0.437988 0.330078 0.016602 0.009766
2 0.441895 0.292480 0.004883 0.006836
2 0.457520 0.289551 0.012695 0.016602
2 0.242676 0.281250 0.008789 0.009766
2 0.276367 0.273926 0.003906 0.004883
2 0.239746 0.269531 0.014648 0.009766
2 0.254883 0.266602 0.007812 0.005859
2 0.414062 0.255859 0.005859 0.005859
2 0.327148 0.253906 0.003906 0.005859
2 0.547852 0.246094 0.003906 0.003906
2 0.557617 0.234863 0.005859 0.006836
2 0.621094 0.230469 0.005859 0.003906
2 0.616699 0.223633 0.004883 0.003906
2 0.259766 0.224121 0.003906 0.004883
2 0.381836 0.216797 0.005859 0.003906
2 0.411133 0.216309 0.003906 0.004883
2 0.663574 0.199219 0.002930 0.005859
2 0.385742 0.194336 0.007812 0.003906
2 0.396973 0.193848 0.008789 0.012695
2 0.381348 0.188965 0.004883 0.004883
2 0.372559 0.188477 0.004883 0.003906
2 0.377441 0.182617 0.004883 0.007812
2 0.401855 0.178711 0.004883 0.003906
2 0.413574 0.180176 0.006836 0.012695
3 0.355469 0.325195 0.048828 0.085938
4 0.690430 0.552734 0.107422 0.115234