0 0.511719 0.754883 0.005859 0.005859
0 0.563477 0.740234 0.003906 0.003906
0 0.275879 0.709473 0.004883 0.004883
0 0.634277 0.681641 0.004883 0.005859
0 0.741211 0.662598 0.005859 0.006836
0 0.608398 0.596680 0.003906 0.003906
0 0.436035 0.562988 0.004883 0.004883
0 0.731934 0.533691 0.004883 0.004883
0 0.640137 0.528809 0.004883 0.004883
0 0.824219 0.500977 0.005859 0.005859
0 0.784180 0.500488 0.003906 0.004883
0 0.075684 0.495605 0.006836 0.006836
0 0.250977 0.491211 0.003906 0.003906
0 0.809082 0.486816 0.006836 0.006836
0 0.817383 0.480469 0.005859 0.005859
0 0.650879 0.474121 0.004883 0.004883
0 0.676758 0.459473 0.007812 0.008789
0 0.704590 0.434570 0.006836 0.005859
0 0.674805 0.417969 0.003906 0.003906
0 0.672363 0.403320 0.004883 0.003906
0 0.678711 0.401855 0.005859 0.004883
0 0.385254 0.389160 0.006836 0.006836
0 0.717285 0.385742 0.004883 0.005859
0 0.691895 0.379883 0.006836 0.005859
0 0.616211 0.378906 0.003906 0.003906
0 0.678223 0.372559 0.006836 0.006836
0 0.354980 0.373047 0.006836 0.007812
0 0.221191 0.357910 0.004883 0.004883
0 0.356934 0.353516 0.004883 0.003906
0 0.709961 0.352051 0.007812 0.006836
0 0.362305 0.322754 0.005859 0.004883
0 0.339844 0.319336 0.003906 0.003906
0 0.609375 0.317383 0.003906 0.003906
0 0.354980 0.314453 0.004883 0.003906
0 0.653320 0.306641 0.005859 0.005859
0 0.560547 0.300293 0.005859 0.006836
0 0.644531 0.289062 0.007812 0.005859
0 0.653320 0.277832 0.005859 0.004883
0 0.727539 0.273438 0.005859 0.005859
0 0.711914 0.262695 0.003906 0.003906
0 0.573242 0.250977 0.003906 0.003906
0 0.653320 0.244141 0.003906 0.003906
0 0.574219 0.240723 0.003906 0.004883
0 0.671387 0.205566 0.004883 0.004883
0 0.400879 0.204590 0.004883 0.004883
1 0.522461 0.767578 0.007812 0.003906
1 0.510254 0.763672 0.006836 0.003906
1 0.596191 0.700195 0.010742 0.005859
1 0.655762 0.678223 0.014648 0.008789
1 0.711914 0.666016 0.017578 0.017578
1 0.612793 0.658203 0.014648 0.015625
1 0.173828 0.669922 0.042969 0.072266
1 0.780762 0.634277 0.004883 0.008789
1 0.745605 0.624023 0.049805 0.023438
1 0.417969 0.616699 0.015625 0.010742
1 0.749512 0.597168 0.043945 0.022461
1 0.707031 0.582520 0.011719 0.014648
1 0.793945 0.534668 0.019531 0.020508
1 0.777832 0.517578 0.014648 0.021484
1 0.455078 0.502441 0.009766 0.008789
1 0.090332 0.497559 0.010742 0.008789
1 0.565918 0.508789 0.018555 0.033203
1 0.221680 0.482422 0.021484 0.013672
1 0.816406 0.468262 0.007812 0.008789
1 0.361328 0.463867 0.011719 0.005859
1 0.587891 0.455078 0.005859 0.011719
1 0.815430 0.449707 0.021484 0.016602
1 0.421875 0.446289 0.007812 0.011719
1 0.738281 0.443359 0.005859 0.009766
1 0.595215 0.441406 0.010742 0.015625
1 0.683594 0.429688 0.009766 0.015625
1 0.730469 0.421875 0.011719 0.011719
1 0.388672 0.403809 0.011719 0.008789
1 0.690430 0.399414 0.011719 0.009766
1 0.622070 0.397949 0.013672 0.026367
1 0.643555 0.398926 0.025391 0.030273
1 0.721191 0.364258 0.010742 0.007812
1 0.691406 0.354492 0.013672 0.013672
1 0.643555 0.344727 0.013672 0.013672
1 0.319824 0.332520 0.014648 0.016602
1 0.721191 0.328125 0.012695 0.015625
1 0.641113 0.323730 0.010742 0.010742
1 0.730957 0.321289 0.008789 0.009766
1 0.368652 0.318359 0.006836 0.003906
1 0.453613 0.311035 0.012695 0.010742
1 0.723633 0.294434 0.015625 0.010742
1 0.563477 0.287598 0.013672 0.012695
1 0.692383 0.275879 0.011719 0.010742
1 0.557617 0.248535 0.009766 0.004883
1 0.562988 0.229980 0.055664 0.020508
1 0.498535 0.207031 0.018555 0.007812
2 0.307617 0.762207 0.017578 0.026367
2 0.292969 0.751953 0.005859 0.005859
2 0.175293 0.750977 0.004883 0.003906
2 0.211426 0.746094 0.006836 0.007812
2 0.633301 0.711914 0.008789 0.011719
2 0.423828 0.702148 0.005859 0.003906
2 0.589355 0.663574 0.008789 0.004883
2 0.566895 0.647949 0.006836 0.008789
2 0.473145 0.645996 0.004883 0.006836
2 0.348633 0.642090 0.003906 0.004883
2 0.454590 0.636230 0.012695 0.012695
2 0.358887 0.632324 0.004883 0.006836
2 0.585938 0.625000 0.005859 0.007812
2 0.570801 0.624023 0.002930 0.005859
2 0.589844 0.619629 0.009766 0.008789
2 0.560059 0.623535 0.016602 0.020508
2 0.476562 0.623535 0.029297 0.028320
2 0.569824 0.608398 0.006836 0.003906
2 0.353516 0.605957 0.005859 0.008789
2 0.549805 0.606445 0.007812 0.011719
2 0.460449 0.609375 0.012695 0.025391
2 0.593262 0.603516 0.010742 0.015625
2 0.487305 0.599609 0.003906 0.007812
2 0.344238 0.596680 0.004883 0.003906
2 0.382812 0.591309 0.003906 0.004883
2 0.571289 0.589355 0.007812 0.006836
2 0.353027 0.589844 0.010742 0.007812
2 0.370605 0.588867 0.008789 0.007812
2 0.625000 0.585938 0.005859 0.003906
2 0.564453 0.582031 0.003906 0.005859
2 0.324707 0.576660 0.004883 0.004883
2 0.674316 0.574707 0.002930 0.008789
2 0.625000 0.574219 0.007812 0.007812
2 0.373047 0.576172 0.015625 0.013672
2 0.642578 0.571289 0.003906 0.007812
2 0.674805 0.566895 0.005859 0.004883
2 0.504395 0.569336 0.008789 0.011719
2 0.381348 0.564941 0.006836 0.006836
2 0.353027 0.563965 0.002930 0.004883
2 0.334961 0.569824 0.011719 0.018555
2 0.643066 0.583008 0.053711 0.048828
2 0.201172 0.563477 0.011719 0.009766
2 0.645508 0.557129 0.003906 0.004883
2 0.634277 0.560547 0.014648 0.011719
2 0.402344 0.556641 0.005859 0.005859
2 0.312012 0.555664 0.004883 0.003906
2 0.674805 0.556152 0.007812 0.008789
2 0.374023 0.554199 0.003906 0.004883
2 0.361816 0.555664 0.006836 0.017578
2 0.381836 0.546387 0.005859 0.004883
2 0.324707 0.544434 0.006836 0.006836
2 0.393066 0.540527 0.010742 0.008789
2 0.638184 0.535645 0.004883 0.004883
2 0.687988 0.525391 0.004883 0.003906
2 0.411133 0.530762 0.019531 0.014648
2 0.671875 0.527344 0.009766 0.009766
2 0.695312 0.520508 0.003906 0.007812
2 0.723145 0.523926 0.012695 0.016602
2 0.637695 0.519531 0.005859 0.007812
2 0.620117 0.515137 0.003906 0.004883
2 0.702148 0.514160 0.005859 0.004883
2 0.682617 0.509766 0.003906 0.005859
2 0.703125 0.504883 0.003906 0.003906
2 0.718750 0.494141 0.003906 0.003906
2 0.636230 0.494629 0.004883 0.004883
2 0.703613 0.496582 0.006836 0.010742
2 0.620117 0.499023 0.027344 0.015625
2 0.643066 0.489746 0.004883 0.006836
2 0.660156 0.486816 0.005859 0.010742
2 0.580078 0.479004 0.003906 0.004883
2 0.742188 0.478516 0.005859 0.005859
2 0.698242 0.481445 0.011719 0.019531
2 0.720703 0.483887 0.029297 0.030273
2 0.631348 0.469727 0.004883 0.005859
2 0.737793 0.468262 0.012695 0.012695
2 0.701172 0.464355 0.009766 0.012695
2 0.619141 0.473633 0.033203 0.031250
2 0.717285 0.460449 0.006836 0.008789
2 0.687988 0.466797 0.010742 0.025391
2 0.637695 0.458984 0.009766 0.011719
2 0.666016 0.454590 0.003906 0.004883
2 0.655273 0.454590 0.009766 0.006836
2 0.608887 0.449707 0.004883 0.004883
2 0.633301 0.450684 0.010742 0.014648
2 0.642090 0.445312 0.008789 0.019531
2 0.478027 0.436035 0.002930 0.006836
2 0.638184 0.424316 0.004883 0.006836
2 0.639648 0.417480 0.003906 0.004883
2 0.664551 0.417480 0.006836 0.006836
2 0.628906 0.418457 0.011719 0.008789
2 0.516602 0.424805 0.011719 0.021484
2 0.527832 0.423340 0.014648 0.024414
2 0.657227 0.417480 0.011719 0.014648
2 0.516602 0.404785 0.003906 0.004883
2 0.537109 0.394531 0.007812 0.017578
2 0.520996 0.389648 0.012695 0.015625
2 0.522949 0.376465 0.004883 0.004883
2 0.632812 0.371582 0.013672 0.008789
2 0.446289 0.364258 0.005859 0.005859
2 0.632812 0.345703 0.005859 0.007812
2 0.542480 0.344238 0.004883 0.004883
2 0.442383 0.344727 0.009766 0.011719
2 0.649414 0.339355 0.005859 0.004883
2 0.563477 0.349121 0.017578 0.030273
2 0.546387 0.324707 0.004883 0.008789
2 0.634766 0.249023 0.009766 0.005859
2 0.621582 0.229004 0.004883 0.004883
2 0.615234 0.200684 0.021484 0.016602
2 0.685059 0.195801 0.010742 0.012695
3 0.304688 0.735840 0.042969 0.028320
3 0.808594 0.582520 0.021484 0.032227
3 0.277344 0.513672 0.044922 0.037109
3 0.397949 0.380371 0.020508 0.032227
3 0.375977 0.333008 0.041016 0.023438
4 0.175781 0.443848 0.115234 0.135742