0 0.481445 0.791504 0.005859 0.004883
0 0.464844 0.791504 0.005859 0.004883
0 0.208496 0.748535 0.006836 0.006836
0 0.164551 0.737793 0.006836 0.006836
0 0.541992 0.730469 0.003906 0.003906
0 0.213867 0.717773 0.003906 0.003906
0 0.211914 0.630371 0.005859 0.006836
0 0.395996 0.549316 0.004883 0.004883
0 0.641602 0.516602 0.007812 0.005859
0 0.193848 0.516113 0.004883 0.004883
0 0.233398 0.508789 0.005859 0.005859
0 0.223145 0.505859 0.004883 0.003906
0 0.122559 0.501465 0.004883 0.004883
0 0.237793 0.500977 0.004883 0.005859
0 0.479004 0.394043 0.004883 0.004883
0 0.184570 0.386719 0.003906 0.003906
0 0.446289 0.374023 0.007812 0.007812
0 0.401855 0.371094 0.006836 0.005859
0 0.423340 0.349609 0.004883 0.003906
0 0.400879 0.338379 0.004883 0.004883
0 0.119141 0.325684 0.005859 0.004883
0 0.203613 0.295898 0.004883 0.003906
0 0.334961 0.278320 0.005859 0.005859
0 0.578613 0.272949 0.006836 0.004883
0 0.581543 0.216309 0.004883 0.004883
0 0.552734 0.184082 0.003906 0.004883
1 0.459473 0.798828 0.006836 0.007812
1 0.177734 0.732910 0.005859 0.006836
1 0.581055 0.725586 0.005859 0.007812
1 0.161133 0.714844 0.025391 0.029297
1 0.548340 0.696777 0.010742 0.008789
1 0.567871 0.691406 0.022461 0.015625
1 0.552246 0.637207 0.012695 0.018555
1 0.168945 0.601074 0.011719 0.010742
1 0.147949 0.545410 0.012695 0.014648
1 0.511719 0.527344 0.005859 0.005859
1 0.521484 0.412598 0.005859 0.004883
1 0.660156 0.346191 0.017578 0.020508
1 0.559570 0.305664 0.009766 0.007812
1 0.396973 0.267090 0.016602 0.010742
1 0.205078 0.255371 0.009766 0.010742
1 0.562500 0.178711 0.009766 0.011719
2 0.471680 0.730469 0.009766 0.007812
2 0.455078 0.729004 0.009766 0.006836
2 0.457031 0.714355 0.003906 0.004883
2 0.445312 0.713379 0.005859 0.004883
2 0.466309 0.713867 0.004883 0.007812
2 0.457031 0.705078 0.009766 0.009766
2 0.487793 0.702148 0.004883 0.005859
2 0.478516 0.700195 0.005859 0.003906
2 0.484375 0.692383 0.009766 0.011719
2 0.269043 0.689453 0.004883 0.005859
2 0.221191 0.687012 0.004883 0.004883
2 0.257324 0.681641 0.010742 0.009766
2 0.485352 0.679199 0.009766 0.006836
2 0.234863 0.680176 0.006836 0.008789
2 0.467285 0.691895 0.026367 0.034180
2 0.208008 0.676758 0.003906 0.003906
2 0.473633 0.673828 0.003906 0.003906
2 0.464844 0.671875 0.003906 0.003906
2 0.206055 0.671875 0.005859 0.003906
2 0.454590 0.671875 0.008789 0.013672
2 0.203613 0.666992 0.004883 0.003906
2 0.211426 0.664551 0.004883 0.002930
2 0.445801 0.660156 0.004883 0.003906
2 0.492188 0.665039 0.017578 0.015625
2 0.264160 0.656738 0.006836 0.006836
2 0.372559 0.651855 0.004883 0.004883
2 0.456055 0.646484 0.007812 0.003906
2 0.111328 0.646973 0.005859 0.006836
2 0.230957 0.647949 0.016602 0.012695
2 0.461426 0.640625 0.006836 0.007812
2 0.491699 0.639648 0.006836 0.007812
2 0.248047 0.635254 0.007812 0.004883
2 0.349609 0.634766 0.003906 0.005859
2 0.375488 0.634277 0.004883 0.006836
2 0.473145 0.637207 0.014648 0.014648
2 0.542480 0.630859 0.006836 0.009766
2 0.492188 0.630859 0.013672 0.009766
2 0.451172 0.628418 0.003906 0.006836
2 0.636230 0.622559 0.006836 0.006836
2 0.547363 0.626953 0.012695 0.015625
2 0.479004 0.625000 0.010742 0.013672
2 0.528809 0.622559 0.010742 0.010742
2 0.608887 0.615723 0.004883 0.004883
2 0.464355 0.618164 0.020508 0.013672
2 0.593262 0.611816 0.006836 0.006836
2 0.499023 0.611816 0.005859 0.006836
2 0.625977 0.609863 0.009766 0.004883
2 0.573730 0.610352 0.010742 0.007812
2 0.583496 0.608398 0.008789 0.007812
2 0.512207 0.616699 0.022461 0.028320
2 0.226562 0.605469 0.007812 0.009766
2 0.558594 0.601074 0.005859 0.004883
2 0.263184 0.604980 0.016602 0.012695
2 0.481934 0.606934 0.010742 0.020508
2 0.291992 0.599121 0.005859 0.004883
2 0.603027 0.601562 0.018555 0.017578
2 0.472656 0.596191 0.007812 0.006836
2 0.236328 0.594727 0.007812 0.003906
2 0.538086 0.602539 0.033203 0.023438
2 0.589355 0.594727 0.006836 0.015625
2 0.466309 0.590820 0.006836 0.007812
2 0.555664 0.592285 0.015625 0.014648
2 0.297363 0.586426 0.004883 0.002930
2 0.336426 0.586914 0.006836 0.005859
2 0.598145 0.585938 0.002930 0.005859
2 0.569336 0.585449 0.007812 0.004883
2 0.631348 0.583008 0.006836 0.005859
2 0.618652 0.586914 0.016602 0.015625
2 0.250488 0.586914 0.008789 0.015625
2 0.317383 0.580566 0.007812 0.006836
2 0.577148 0.580078 0.013672 0.011719
2 0.405762 0.602539 0.069336 0.060547
2 0.510254 0.576660 0.008789 0.010742
2 0.283691 0.578613 0.008789 0.014648
2 0.481445 0.576172 0.017578 0.011719
2 0.272461 0.572266 0.009766 0.007812
2 0.260254 0.574219 0.012695 0.011719
2 0.599121 0.574707 0.014648 0.014648
2 0.497070 0.570801 0.011719 0.012695
2 0.416504 0.567383 0.008789 0.005859
2 0.635742 0.568359 0.005859 0.009766
2 0.629395 0.565918 0.002930 0.004883
2 0.522461 0.583008 0.066406 0.039062
2 0.559082 0.564941 0.004883 0.004883
2 0.509766 0.567383 0.009766 0.009766
2 0.072266 0.565430 0.003906 0.005859
2 0.274902 0.564453 0.004883 0.005859
2 0.568359 0.568359 0.017578 0.017578
2 0.280762 0.562012 0.004883 0.004883
2 0.622070 0.563477 0.009766 0.011719
2 0.612793 0.560547 0.008789 0.009766
2 0.601074 0.559570 0.004883 0.007812
2 0.557129 0.556641 0.006836 0.003906
2 0.526367 0.556641 0.015625 0.009766
2 0.622559 0.551758 0.004883 0.003906
2 0.515625 0.554199 0.005859 0.008789
2 0.546875 0.556152 0.009766 0.014648
2 0.537598 0.554199 0.006836 0.010742
2 0.592285 0.554199 0.014648 0.014648
2 0.078125 0.553223 0.007812 0.014648
2 0.611816 0.548828 0.010742 0.007812
2 0.566895 0.552246 0.014648 0.014648
2 0.289062 0.543945 0.009766 0.013672
2 0.164062 0.539551 0.005859 0.004883
2 0.070312 0.541504 0.009766 0.014648
2 0.581055 0.535156 0.007812 0.015625
2 0.279297 0.530273 0.003906 0.005859
2 0.567871 0.528809 0.004883 0.004883
2 0.161621 0.529785 0.008789 0.006836
2 0.332031 0.527344 0.003906 0.003906
2 0.267578 0.530273 0.015625 0.009766
2 0.067871 0.527344 0.004883 0.005859
2 0.284180 0.528320 0.009766 0.009766
2 0.346191 0.519043 0.006836 0.006836
2 0.378418 0.513184 0.006836 0.010742
2 0.235840 0.498047 0.006836 0.003906
2 0.369141 0.485840 0.003906 0.004883
2 0.203125 0.484375 0.003906 0.003906
2 0.348145 0.472656 0.004883 0.005859
2 0.362305 0.471680 0.007812 0.009766
2 0.336426 0.469727 0.002930 0.005859
2 0.213379 0.468262 0.002930 0.004883
2 0.374023 0.471191 0.011719 0.012695
2 0.382812 0.473145 0.005859 0.018555
2 0.152344 0.458984 0.005859 0.003906
2 0.171875 0.455078 0.015625 0.007812
2 0.189941 0.449219 0.008789 0.007812
2 0.177246 0.444824 0.016602 0.010742
2 0.183105 0.430664 0.008789 0.005859
2 0.470703 0.362305 0.005859 0.005859
2 0.114258 0.330078 0.003906 0.003906
2 0.244629 0.261230 0.004883 0.004883
2 0.488281 0.190918 0.003906 0.004883
4 0.728027 0.556641 0.110352 0.128906