0 0.597656 0.549805 0.009766 0.011719
1 0.325195 0.705078 0.039062 0.041016
1 0.389648 0.661621 0.007812 0.012695
1 0.139648 0.552246 0.019531 0.026367
1 0.227051 0.381836 0.012695 0.011719
1 0.700684 0.313965 0.016602 0.018555
2 0.146484 0.617676 0.005859 0.006836
2 0.130859 0.608887 0.005859 0.004883
2 0.470703 0.586426 0.009766 0.004883
2 0.473145 0.575195 0.006836 0.003906
2 0.534668 0.542480 0.006836 0.004883
2 0.541016 0.531250 0.007812 0.005859
2 0.527832 0.517578 0.008789 0.007812
2 0.513672 0.485352 0.005859 0.009766
2 0.503906 0.463867 0.005859 0.003906
2 0.501953 0.450195 0.005859 0.003906
2 0.481934 0.446777 0.006836 0.006836
2 0.486816 0.440430 0.006836 0.007812
2 0.470215 0.407227 0.006836 0.005859
2 0.551758 0.376465 0.003906 0.004883
2 0.547363 0.343750 0.008789 0.009766
2 0.529297 0.340332 0.005859 0.002930
4 0.285645 0.479004 0.122070 0.116211