0 0.688965 0.657227 0.008789 0.007812
0 0.468262 0.626953 0.004883 0.005859
0 0.815430 0.560547 0.009766 0.003906
0 0.259766 0.494629 0.003906 0.004883
0 0.412598 0.491699 0.006836 0.004883
0 0.804199 0.489746 0.004883 0.004883
0 0.257812 0.458984 0.003906 0.003906
0 0.227539 0.445312 0.003906 0.003906
0 0.281738 0.434570 0.004883 0.003906
0 0.842773 0.422363 0.005859 0.004883
0 0.293457 0.423340 0.006836 0.006836
0 0.118652 0.414062 0.004883 0.005859
0 0.393066 0.399414 0.006836 0.007812
0 0.119629 0.396973 0.004883 0.004883
0 0.440918 0.392578 0.004883 0.003906
0 0.178223 0.368164 0.002930 0.005859
0 0.138672 0.345703 0.005859 0.005859
0 0.476074 0.339355 0.006836 0.004883
0 0.680664 0.333984 0.005859 0.005859
0 0.242676 0.330566 0.006836 0.004883
0 0.733887 0.332031 0.006836 0.009766
0 0.450684 0.324219 0.004883 0.005859
0 0.681641 0.322266 0.005859 0.007812
0 0.240234 0.311523 0.003906 0.005859
0 0.392578 0.304688 0.003906 0.003906
0 0.418457 0.304688 0.008789 0.005859
0 0.418457 0.295898 0.006836 0.007812
0 0.322754 0.281738 0.004883 0.004883
0 0.411133 0.275879 0.007812 0.004883
0 0.707520 0.266113 0.006836 0.006836
0 0.386719 0.212891 0.003906 0.003906
1 0.645020 0.750977 0.004883 0.007812
1 0.504883 0.687988 0.027344 0.038086
1 0.763672 0.686523 0.066406 0.042969
1 0.731934 0.634277 0.026367 0.055664
1 0.574219 0.631348 0.052734 0.055664
1 0.479492 0.582031 0.015625 0.015625
1 0.785645 0.611328 0.077148 0.089844
1 0.482910 0.563477 0.043945 0.009766
1 0.431152 0.624512 0.368164 0.135742
1 0.570801 0.556641 0.057617 0.023438
1 0.629395 0.537598 0.024414 0.034180
1 0.741211 0.529785 0.035156 0.022461
1 0.556152 0.522949 0.026367 0.020508
1 0.381348 0.496094 0.043945 0.007812
1 0.141602 0.498047 0.019531 0.017578
1 0.266113 0.483887 0.010742 0.008789
1 0.446289 0.498047 0.052734 0.046875
1 0.235352 0.471191 0.009766 0.010742
1 0.217285 0.471191 0.018555 0.020508
1 0.566406 0.467285 0.062500 0.014648
1 0.354980 0.458984 0.016602 0.013672
1 0.396484 0.630371 0.650391 0.399414
1 0.081055 0.424805 0.013672 0.019531
1 0.807617 0.426758 0.042969 0.031250
1 0.473145 0.407715 0.010742 0.016602
1 0.510254 0.397461 0.004883 0.003906
1 0.188477 0.390625 0.015625 0.017578
1 0.529297 0.368164 0.035156 0.023438
1 0.474609 0.361328 0.031250 0.009766
1 0.529785 0.356445 0.006836 0.005859
1 0.609863 0.378418 0.047852 0.055664
1 0.246582 0.359863 0.034180 0.020508
1 0.146973 0.347168 0.010742 0.006836
1 0.515137 0.313477 0.032227 0.029297
1 0.466309 0.307617 0.041992 0.021484
1 0.451172 0.291504 0.013672 0.016602
1 0.762207 0.291016 0.024414 0.019531
1 0.521973 0.289551 0.030273 0.020508
1 0.482910 0.278809 0.036133 0.020508
1 0.433105 0.270020 0.020508 0.020508
1 0.381836 0.252930 0.009766 0.013672
1 0.395996 0.238281 0.036133 0.017578
1 0.419922 0.238281 0.015625 0.021484
1 0.446777 0.231445 0.028320 0.017578
1 0.261719 0.176758 0.023438 0.015625
1 0.649414 0.194824 0.054688 0.053711
1 0.563965 0.188477 0.041992 0.041016
1 0.491211 0.176758 0.046875 0.017578
2 0.432129 0.729980 0.004883 0.006836
2 0.454590 0.718262 0.004883 0.004883
2 0.581543 0.684570 0.006836 0.007812
2 0.280273 0.649902 0.007812 0.006836
2 0.256836 0.643555 0.007812 0.007812
2 0.311523 0.644531 0.007812 0.013672
2 0.285645 0.641602 0.010742 0.011719
2 0.263184 0.634277 0.004883 0.004883
2 0.450195 0.625977 0.003906 0.003906
2 0.371582 0.624512 0.004883 0.004883
2 0.364258 0.626465 0.005859 0.010742
2 0.443848 0.619141 0.006836 0.003906
2 0.307617 0.619141 0.005859 0.007812
2 0.367188 0.612305 0.005859 0.007812
2 0.350098 0.614258 0.012695 0.011719
2 0.360840 0.604492 0.006836 0.009766
2 0.457031 0.592773 0.005859 0.003906
2 0.208496 0.588379 0.004883 0.004883
2 0.221191 0.586914 0.008789 0.013672
2 0.502930 0.579590 0.011719 0.004883
2 0.256348 0.582520 0.006836 0.016602
2 0.219238 0.571777 0.012695 0.010742
2 0.241211 0.564453 0.011719 0.009766
2 0.229980 0.560547 0.006836 0.007812
2 0.189941 0.554199 0.006836 0.006836
2 0.458984 0.548340 0.003906 0.004883
2 0.250977 0.549805 0.005859 0.007812
2 0.215332 0.540039 0.002930 0.005859
2 0.222168 0.538574 0.004883 0.006836
2 0.424316 0.527344 0.006836 0.011719
2 0.222168 0.511719 0.010742 0.011719
2 0.249023 0.511230 0.017578 0.012695
2 0.248047 0.498535 0.003906 0.004883
2 0.185059 0.499512 0.006836 0.008789
2 0.291504 0.496094 0.006836 0.005859
2 0.213379 0.494629 0.004883 0.004883
2 0.221191 0.497070 0.006836 0.013672
2 0.174316 0.493164 0.004883 0.009766
2 0.204590 0.497559 0.018555 0.020508
2 0.241699 0.490234 0.006836 0.007812
2 0.231934 0.487305 0.004883 0.003906
2 0.386230 0.484863 0.012695 0.006836
2 0.190430 0.483887 0.003906 0.004883
2 0.183594 0.483398 0.005859 0.005859
2 0.394531 0.479004 0.007812 0.004883
2 0.178223 0.478027 0.002930 0.004883
2 0.238281 0.479492 0.011719 0.009766
2 0.102539 0.474609 0.011719 0.009766
2 0.347656 0.469238 0.005859 0.004883
2 0.418945 0.470703 0.005859 0.009766
2 0.258789 0.468262 0.009766 0.010742
2 0.271973 0.465820 0.006836 0.007812
2 0.284668 0.477539 0.030273 0.035156
2 0.265625 0.461914 0.003906 0.003906
2 0.225586 0.462891 0.007812 0.005859
2 0.203613 0.464355 0.008789 0.008789
2 0.369141 0.462891 0.007812 0.007812
2 0.439453 0.459961 0.005859 0.005859
2 0.170410 0.456055 0.004883 0.005859
2 0.235840 0.455078 0.004883 0.005859
2 0.439453 0.453613 0.003906 0.004883
2 0.208984 0.454102 0.005859 0.009766
2 0.320312 0.452148 0.007812 0.009766
2 0.348145 0.450195 0.006836 0.007812
2 0.215820 0.450684 0.005859 0.008789
2 0.421875 0.453125 0.015625 0.017578
2 0.160645 0.447754 0.006836 0.006836
2 0.181152 0.447266 0.010742 0.011719
2 0.278809 0.449219 0.040039 0.025391
2 0.195312 0.438477 0.003906 0.003906
2 0.306641 0.437500 0.003906 0.003906
2 0.316895 0.439453 0.008789 0.011719
2 0.554199 0.434570 0.010742 0.013672
2 0.507812 0.429688 0.007812 0.005859
2 0.159180 0.433105 0.009766 0.012695
2 0.516113 0.429199 0.006836 0.012695
2 0.179688 0.425293 0.009766 0.008789
2 0.133789 0.424805 0.005859 0.009766
2 0.365723 0.422363 0.004883 0.006836
2 0.614746 0.420410 0.008789 0.006836
2 0.340332 0.419434 0.006836 0.006836
2 0.311035 0.419434 0.014648 0.010742
2 0.427734 0.418457 0.005859 0.010742
2 0.524414 0.415039 0.005859 0.005859
2 0.188477 0.414551 0.009766 0.008789
2 0.172363 0.412598 0.004883 0.004883
2 0.147461 0.419922 0.017578 0.019531
2 0.600586 0.409180 0.007812 0.007812
2 0.510742 0.409180 0.005859 0.007812
2 0.534180 0.408691 0.007812 0.008789
2 0.591309 0.406738 0.004883 0.006836
2 0.340332 0.409180 0.008789 0.011719
2 0.109863 0.405273 0.004883 0.005859
2 0.188477 0.404785 0.005859 0.006836
2 0.170898 0.402344 0.003906 0.005859
2 0.179199 0.403320 0.010742 0.009766
2 0.494141 0.398926 0.005859 0.002930
2 0.334473 0.399414 0.004883 0.005859
2 0.144531 0.399414 0.003906 0.005859
2 0.155762 0.401855 0.008789 0.012695
2 0.500977 0.396484 0.003906 0.003906
2 0.283691 0.409668 0.028320 0.030273
2 0.130859 0.396973 0.003906 0.004883
2 0.406250 0.398926 0.005859 0.010742
2 0.355469 0.397949 0.007812 0.010742
2 0.501465 0.387695 0.008789 0.007812
2 0.446289 0.385742 0.011719 0.005859
2 0.318359 0.383301 0.003906 0.006836
2 0.131348 0.380859 0.004883 0.003906
2 0.296875 0.387207 0.015625 0.020508
2 0.566406 0.379395 0.003906 0.006836
2 0.409180 0.379395 0.007812 0.006836
2 0.327148 0.375488 0.005859 0.004883
2 0.135742 0.374512 0.005859 0.004883
2 0.645020 0.374023 0.006836 0.007812
2 0.191406 0.371582 0.003906 0.004883
2 0.493164 0.372070 0.013672 0.007812
2 0.335938 0.374023 0.007812 0.011719
2 0.158691 0.374512 0.014648 0.012695
2 0.282227 0.373047 0.019531 0.015625
2 0.280273 0.367188 0.003906 0.003906
2 0.164062 0.361328 0.005859 0.003906
2 0.110352 0.360840 0.003906 0.004883
2 0.287598 0.361328 0.018555 0.013672
2 0.634277 0.357910 0.006836 0.008789
2 0.418457 0.354492 0.004883 0.007812
2 0.626465 0.345703 0.008789 0.007812
2 0.644043 0.341797 0.004883 0.005859
2 0.365234 0.341797 0.005859 0.005859
2 0.342773 0.339355 0.003906 0.004883
2 0.216309 0.338867 0.004883 0.003906
2 0.349609 0.338379 0.003906 0.006836
2 0.431641 0.336914 0.003906 0.007812
2 0.193359 0.339844 0.027344 0.013672
2 0.121582 0.334473 0.002930 0.004883
2 0.388672 0.345703 0.021484 0.031250
2 0.414062 0.331055 0.005859 0.005859
2 0.229004 0.332520 0.010742 0.008789
2 0.331055 0.332520 0.009766 0.012695
2 0.213867 0.327637 0.007812 0.006836
2 0.351562 0.322754 0.003906 0.004883
2 0.631836 0.322754 0.009766 0.012695
2 0.196289 0.318848 0.003906 0.006836
2 0.334961 0.321777 0.013672 0.014648
2 0.415527 0.317871 0.010742 0.016602
2 0.385742 0.312012 0.011719 0.014648
2 0.439941 0.308594 0.006836 0.009766
2 0.239258 0.306152 0.005859 0.006836
2 0.433105 0.305176 0.004883 0.010742
2 0.369629 0.318359 0.030273 0.037109
2 0.399902 0.302246 0.004883 0.006836
2 0.299316 0.303223 0.006836 0.010742
2 0.340332 0.294922 0.004883 0.005859
2 0.330078 0.289551 0.009766 0.012695
2 0.574707 0.286133 0.010742 0.011719
2 0.211914 0.283203 0.003906 0.005859
2 0.336426 0.280762 0.006836 0.006836
2 0.330078 0.277832 0.003906 0.004883
2 0.642090 0.278320 0.008789 0.007812
2 0.278809 0.277344 0.006836 0.005859
2 0.622070 0.273438 0.005859 0.005859
2 0.499023 0.267090 0.017578 0.010742
2 0.349121 0.267090 0.004883 0.010742
2 0.457031 0.265625 0.011719 0.017578
2 0.595703 0.259766 0.007812 0.007812
2 0.467773 0.256836 0.009766 0.007812
2 0.327637 0.257324 0.012695 0.018555
2 0.536133 0.250000 0.007812 0.007812
2 0.503418 0.252930 0.010742 0.015625
2 0.503418 0.224609 0.004883 0.005859
2 0.489746 0.223145 0.012695 0.006836
2 0.359863 0.224121 0.008789 0.008789
2 0.551270 0.218262 0.006836 0.004883
2 0.355957 0.209473 0.014648 0.012695
2 0.373047 0.209473 0.011719 0.014648
2 0.331055 0.205078 0.003906 0.005859
2 0.538574 0.206055 0.008789 0.009766
2 0.590332 0.201172 0.004883 0.005859
2 0.582520 0.197266 0.006836 0.005859
2 0.365234 0.197754 0.005859 0.008789
2 0.457520 0.194824 0.010742 0.010742
2 0.374512 0.193359 0.008789 0.009766
2 0.350586 0.182617 0.003906 0.005859
2 0.431152 0.182129 0.012695 0.014648
3 0.601074 0.762695 0.024414 0.023438
3 0.551270 0.577637 0.041992 0.026367
3 0.791504 0.561035 0.028320 0.026367
3 0.173340 0.318848 0.018555 0.022461
3 0.160156 0.300781 0.011719 0.011719
3 0.191406 0.289062 0.023438 0.031250
3 0.165039 0.274414 0.021484 0.031250
4 0.679688 0.505371 0.109375 0.129883