0 0.491699 0.741211 0.006836 0.005859
0 0.296387 0.731445 0.004883 0.005859
0 0.787109 0.713867 0.007812 0.007812
0 0.539062 0.687500 0.005859 0.005859
0 0.511719 0.655273 0.005859 0.005859
0 0.541016 0.622559 0.005859 0.004883
0 0.304688 0.593262 0.003906 0.004883
0 0.573730 0.585938 0.006836 0.005859
0 0.199219 0.585938 0.005859 0.005859
0 0.497559 0.506348 0.004883 0.004883
0 0.627930 0.476562 0.003906 0.003906
0 0.543945 0.457520 0.005859 0.004883
0 0.544434 0.444824 0.004883 0.004883
0 0.518066 0.431641 0.004883 0.003906
0 0.349121 0.327637 0.004883 0.004883
0 0.662598 0.259277 0.004883 0.004883
0 0.625977 0.237305 0.003906 0.003906
1 0.321289 0.691406 0.029297 0.025391
1 0.270020 0.630371 0.022461 0.026367
1 0.243652 0.611816 0.014648 0.016602
1 0.208008 0.604492 0.007812 0.011719
1 0.228516 0.585449 0.009766 0.006836
1 0.126953 0.562988 0.011719 0.002930
1 0.635742 0.440918 0.011719 0.008789
1 0.198242 0.440430 0.013672 0.009766
1 0.460938 0.386230 0.007812 0.004883
1 0.465332 0.378418 0.012695 0.008789
1 0.612305 0.361328 0.011719 0.009766
1 0.509766 0.338867 0.013672 0.003906
1 0.503418 0.333496 0.008789 0.002930
1 0.599609 0.223145 0.011719 0.014648
1 0.335449 0.204102 0.016602 0.019531
2 0.492676 0.723145 0.004883 0.004883
2 0.458008 0.723145 0.005859 0.004883
2 0.495605 0.715332 0.012695 0.010742
2 0.349121 0.716309 0.016602 0.022461
2 0.455078 0.704102 0.007812 0.005859
2 0.472656 0.706055 0.017578 0.011719
2 0.555664 0.698730 0.007812 0.016602
2 0.532715 0.693848 0.006836 0.008789
2 0.516602 0.697754 0.011719 0.026367
2 0.475586 0.686035 0.007812 0.008789
2 0.440430 0.682129 0.019531 0.018555
2 0.563965 0.673828 0.006836 0.005859
2 0.578613 0.668457 0.004883 0.004883
2 0.552246 0.670410 0.012695 0.010742
2 0.449219 0.667480 0.009766 0.008789
2 0.543945 0.663574 0.007812 0.006836
2 0.489746 0.680176 0.026367 0.040039
2 0.465332 0.669434 0.020508 0.018555
2 0.298828 0.663086 0.009766 0.005859
2 0.538086 0.654785 0.007812 0.010742
2 0.481445 0.651855 0.005859 0.004883
2 0.280762 0.651855 0.006836 0.006836
2 0.556641 0.651367 0.017578 0.007812
2 0.428711 0.649902 0.005859 0.006836
2 0.451660 0.652832 0.018555 0.016602
2 0.518066 0.647461 0.012695 0.015625
2 0.298828 0.640137 0.005859 0.004883
2 0.486816 0.639160 0.004883 0.006836
2 0.461426 0.637695 0.008789 0.005859
2 0.517578 0.635742 0.005859 0.005859
2 0.608398 0.628906 0.003906 0.003906
2 0.567871 0.638672 0.020508 0.023438
2 0.558105 0.628418 0.004883 0.004883
2 0.508301 0.631348 0.006836 0.010742
2 0.230957 0.628906 0.006836 0.009766
2 0.571289 0.622559 0.007812 0.006836
2 0.583984 0.620117 0.003906 0.005859
2 0.577637 0.615234 0.006836 0.007812
2 0.509766 0.643555 0.039062 0.074219
2 0.525879 0.603027 0.004883 0.004883
2 0.273438 0.602539 0.013672 0.015625
2 0.506348 0.601562 0.012695 0.015625
2 0.544922 0.591309 0.009766 0.008789
2 0.491699 0.507324 0.006836 0.006836
2 0.482422 0.494141 0.003906 0.003906
2 0.503418 0.490234 0.006836 0.003906
2 0.492676 0.484863 0.008789 0.006836
2 0.503906 0.483398 0.007812 0.005859
2 0.644531 0.477539 0.007812 0.007812
2 0.351074 0.477051 0.006836 0.006836
2 0.555176 0.476562 0.006836 0.007812
2 0.658691 0.471191 0.008789 0.006836
2 0.644531 0.469727 0.009766 0.005859
2 0.635254 0.467773 0.004883 0.003906
2 0.140137 0.464355 0.004883 0.004883
2 0.659180 0.463867 0.005859 0.005859
2 0.632812 0.461426 0.003906 0.004883
2 0.335938 0.457031 0.013672 0.009766
2 0.419434 0.449219 0.012695 0.009766
2 0.683594 0.437012 0.003906 0.004883
2 0.414551 0.436523 0.010742 0.007812
2 0.670898 0.429199 0.005859 0.004883
2 0.661621 0.442383 0.024414 0.033203
2 0.426270 0.427734 0.004883 0.003906
2 0.347656 0.416504 0.005859 0.006836
2 0.338379 0.411133 0.008789 0.005859
2 0.549805 0.398926 0.007812 0.002930
2 0.518555 0.399414 0.009766 0.007812
2 0.552734 0.394043 0.007812 0.004883
2 0.426758 0.395020 0.015625 0.006836
2 0.350098 0.398926 0.016602 0.016602
2 0.358887 0.393555 0.008789 0.009766
2 0.479004 0.389648 0.004883 0.005859
2 0.512695 0.389648 0.011719 0.007812
2 0.565430 0.382812 0.005859 0.003906
2 0.412109 0.383789 0.005859 0.007812
2 0.531250 0.378906 0.005859 0.003906
2 0.502441 0.379883 0.020508 0.005859
2 0.375977 0.378418 0.009766 0.010742
2 0.533691 0.373047 0.008789 0.003906
2 0.358398 0.370605 0.013672 0.008789
2 0.524414 0.367188 0.005859 0.005859
2 0.491211 0.360352 0.005859 0.003906
4 0.756836 0.495117 0.115234 0.128906