0 0.198730 0.663086 0.006836 0.005859
0 0.133789 0.571289 0.003906 0.003906
0 0.240723 0.510742 0.006836 0.005859
0 0.162109 0.507812 0.003906 0.005859
0 0.174316 0.481934 0.006836 0.004883
0 0.195801 0.480469 0.004883 0.003906
0 0.181152 0.479980 0.004883 0.004883
0 0.257324 0.467773 0.006836 0.003906
0 0.288086 0.452148 0.003906 0.003906
0 0.296875 0.434082 0.003906 0.004883
0 0.093262 0.402344 0.004883 0.003906
0 0.138184 0.396484 0.006836 0.003906
0 0.326660 0.354980 0.004883 0.004883
0 0.185547 0.335938 0.003906 0.003906
0 0.768555 0.324707 0.009766 0.010742
0 0.230957 0.287598 0.004883 0.004883
0 0.550293 0.280762 0.004883 0.004883
0 0.206055 0.281738 0.007812 0.006836
0 0.770020 0.255371 0.004883 0.004883
0 0.391602 0.196777 0.005859 0.004883
1 0.246094 0.554199 0.009766 0.010742
1 0.179199 0.467773 0.010742 0.013672
1 0.453125 0.375000 0.007812 0.007812
1 0.349609 0.372070 0.009766 0.005859
1 0.335938 0.366699 0.003906 0.006836
1 0.342773 0.366211 0.005859 0.007812
1 0.204590 0.296875 0.008789 0.005859
1 0.491699 0.280273 0.028320 0.029297
1 0.366699 0.250000 0.006836 0.003906
1 0.459473 0.229492 0.018555 0.013672
1 0.683594 0.224121 0.019531 0.024414
1 0.386230 0.208008 0.008789 0.005859
2 0.213867 0.595703 0.005859 0.005859
2 0.085449 0.529297 0.008789 0.005859
2 0.358887 0.479980 0.024414 0.065430
2 0.358887 0.443848 0.002930 0.004883
2 0.352051 0.433105 0.006836 0.008789
2 0.364746 0.430664 0.006836 0.013672
2 0.353027 0.407715 0.020508 0.028320
2 0.340332 0.398926 0.014648 0.018555
2 0.330566 0.391602 0.004883 0.003906
2 0.314941 0.392578 0.008789 0.021484
2 0.319336 0.380859 0.003906 0.007812
2 0.299805 0.390137 0.019531 0.051758
2 0.165039 0.364746 0.005859 0.002930
2 0.164062 0.358887 0.007812 0.002930
2 0.391602 0.357422 0.003906 0.005859
2 0.392578 0.351074 0.003906 0.004883
2 0.365723 0.350586 0.004883 0.003906
2 0.218750 0.349121 0.005859 0.004883
2 0.291016 0.347656 0.011719 0.007812
2 0.303223 0.342773 0.006836 0.005859
2 0.146484 0.343262 0.005859 0.006836
2 0.296387 0.341309 0.004883 0.004883
2 0.318359 0.336914 0.005859 0.005859
2 0.476562 0.334961 0.005859 0.007812
2 0.151367 0.333496 0.009766 0.004883
2 0.389160 0.338867 0.018555 0.023438
2 0.329590 0.328613 0.014648 0.014648
2 0.304688 0.324219 0.005859 0.009766
2 0.192871 0.321289 0.004883 0.003906
2 0.356934 0.327637 0.022461 0.020508
2 0.377930 0.326660 0.015625 0.020508
2 0.334473 0.317871 0.004883 0.004883
2 0.359863 0.315430 0.004883 0.003906
2 0.377441 0.313965 0.006836 0.004883
2 0.366699 0.313965 0.006836 0.006836
2 0.354004 0.313965 0.004883 0.006836
2 0.352539 0.301270 0.009766 0.010742
2 0.659668 0.209473 0.008789 0.004883
2 0.210938 0.193848 0.005859 0.004883
2 0.659180 0.193359 0.007812 0.005859
4 0.666992 0.484863 0.125000 0.149414