0 0.246582 0.770020 0.004883 0.004883
0 0.382812 0.695312 0.005859 0.005859
0 0.329590 0.687012 0.008789 0.008789
0 0.631836 0.633301 0.005859 0.004883
0 0.353516 0.554688 0.003906 0.003906
0 0.339355 0.553711 0.006836 0.007812
0 0.507324 0.451660 0.004883 0.004883
0 0.335938 0.449219 0.005859 0.005859
0 0.374023 0.438477 0.003906 0.003906
0 0.376465 0.427246 0.002930 0.004883
0 0.397461 0.422363 0.003906 0.004883
0 0.734375 0.409180 0.005859 0.005859
0 0.661621 0.348145 0.004883 0.004883
0 0.428711 0.339355 0.005859 0.004883
0 0.608887 0.268066 0.004883 0.004883
0 0.555664 0.247559 0.007812 0.008789
1 0.654785 0.822266 0.028320 0.019531
1 0.523926 0.724609 0.014648 0.013672
1 0.581543 0.695312 0.010742 0.007812
1 0.366699 0.433105 0.016602 0.008789
1 0.645996 0.314453 0.012695 0.011719
2 0.281738 0.801270 0.004883 0.004883
2 0.325195 0.745117 0.005859 0.005859
2 0.304199 0.743164 0.004883 0.005859
2 0.379395 0.644043 0.002930 0.004883
2 0.376465 0.618652 0.008789 0.004883
2 0.375000 0.609863 0.003906 0.006836
2 0.358398 0.604004 0.003906 0.004883
2 0.409668 0.590820 0.006836 0.007812
2 0.342285 0.589355 0.004883 0.004883
2 0.373535 0.596680 0.024414 0.023438
2 0.708496 0.353516 0.004883 0.005859
2 0.448242 0.353516 0.007812 0.009766
2 0.292969 0.348633 0.003906 0.003906
2 0.690430 0.347656 0.005859 0.005859
2 0.626953 0.339355 0.003906 0.004883
3 0.820312 0.586426 0.023438 0.022461
3 0.741211 0.339355 0.023438 0.038086
4 0.699707 0.597168 0.124023 0.139648