0 0.191406 0.710449 0.003906 0.004883
0 0.156250 0.704590 0.005859 0.004883
0 0.477539 0.703613 0.005859 0.004883
0 0.210938 0.682617 0.003906 0.003906
0 0.244629 0.676758 0.004883 0.003906
0 0.737305 0.666504 0.003906 0.004883
0 0.760742 0.625000 0.005859 0.003906
0 0.766113 0.614746 0.004883 0.004883
0 0.593750 0.549805 0.003906 0.003906
0 0.596680 0.544922 0.003906 0.003906
0 0.611328 0.441895 0.003906 0.004883
0 0.180664 0.404785 0.005859 0.006836
0 0.415039 0.355957 0.005859 0.004883
0 0.207031 0.356934 0.003906 0.006836
0 0.222656 0.353516 0.003906 0.003906
0 0.322754 0.335938 0.004883 0.003906
0 0.250488 0.292480 0.004883 0.004883
1 0.703125 0.798340 0.011719 0.012695
1 0.567871 0.775391 0.057617 0.029297
1 0.402344 0.735352 0.007812 0.003906
1 0.328125 0.741699 0.042969 0.022461
1 0.633789 0.707031 0.007812 0.007812
1 0.456543 0.696777 0.016602 0.004883
1 0.195312 0.687012 0.005859 0.006836
1 0.241211 0.682617 0.005859 0.003906
1 0.166504 0.677246 0.018555 0.028320
1 0.139160 0.644043 0.016602 0.020508
1 0.583008 0.554688 0.013672 0.007812
1 0.140137 0.422363 0.004883 0.006836
1 0.350586 0.386230 0.009766 0.010742
1 0.332520 0.385742 0.016602 0.011719
1 0.329590 0.371094 0.008789 0.009766
1 0.347168 0.371582 0.008789 0.012695
1 0.399902 0.341797 0.008789 0.003906
1 0.208496 0.341309 0.010742 0.014648
1 0.381836 0.338867 0.021484 0.019531
1 0.471191 0.330078 0.055664 0.023438
1 0.426758 0.318359 0.025391 0.009766
1 0.380859 0.311035 0.031250 0.026367
1 0.253906 0.283691 0.013672 0.012695
1 0.272949 0.258301 0.006836 0.008789
1 0.670898 0.208984 0.005859 0.011719
2 0.790527 0.632812 0.004883 0.003906
2 0.792480 0.625000 0.004883 0.005859
2 0.815430 0.621582 0.003906 0.004883
2 0.390625 0.443359 0.007812 0.009766
2 0.390137 0.433105 0.004883 0.004883
2 0.397461 0.423828 0.003906 0.003906
2 0.404785 0.410156 0.004883 0.003906
2 0.360840 0.413574 0.014648 0.028320
2 0.363770 0.395020 0.004883 0.004883
2 0.376953 0.397949 0.017578 0.014648
2 0.418457 0.392578 0.008789 0.013672
2 0.414062 0.382812 0.003906 0.003906
2 0.419922 0.377930 0.007812 0.007812
2 0.426270 0.375977 0.006836 0.005859
2 0.387207 0.362793 0.014648 0.010742
2 0.434082 0.366699 0.008789 0.020508
2 0.360840 0.348145 0.004883 0.006836
2 0.429688 0.344238 0.005859 0.006836
2 0.343750 0.342773 0.007812 0.013672
2 0.362305 0.339355 0.013672 0.014648
3 0.542480 0.807617 0.016602 0.019531
3 0.712402 0.780273 0.030273 0.027344
3 0.742188 0.736328 0.015625 0.017578
3 0.781250 0.691895 0.048828 0.049805
3 0.184570 0.678711 0.019531 0.023438
3 0.750488 0.659180 0.020508 0.023438
3 0.398438 0.339355 0.025391 0.034180
3 0.291992 0.198242 0.037109 0.013672
3 0.556641 0.185547 0.025391 0.029297
4 0.690918 0.488770 0.118164 0.131836