0 0.551270 0.791992 0.006836 0.003906
0 0.554688 0.776855 0.003906 0.004883
0 0.614746 0.767090 0.004883 0.004883
0 0.746582 0.708984 0.004883 0.003906
0 0.250000 0.692871 0.005859 0.006836
0 0.323730 0.689453 0.004883 0.003906
0 0.709473 0.679199 0.004883 0.004883
0 0.322754 0.672852 0.004883 0.005859
0 0.335449 0.667969 0.006836 0.005859
0 0.333984 0.656250 0.003906 0.003906
0 0.311035 0.656250 0.004883 0.003906
0 0.309082 0.647461 0.004883 0.003906
0 0.631348 0.578613 0.004883 0.006836
0 0.572754 0.565918 0.004883 0.004883
0 0.398926 0.562012 0.004883 0.004883
0 0.666016 0.544434 0.005859 0.006836
0 0.643066 0.543457 0.004883 0.004883
0 0.370117 0.531250 0.003906 0.005859
0 0.683594 0.523438 0.003906 0.003906
0 0.593750 0.510254 0.005859 0.002930
0 0.625000 0.475586 0.003906 0.003906
0 0.463379 0.475586 0.004883 0.003906
0 0.422363 0.458984 0.006836 0.005859
0 0.359375 0.450195 0.005859 0.005859
0 0.396973 0.447754 0.004883 0.004883
0 0.359375 0.440918 0.007812 0.004883
0 0.481445 0.429688 0.003906 0.003906
0 0.679688 0.404297 0.003906 0.003906
0 0.742188 0.401855 0.005859 0.004883
0 0.547363 0.401367 0.004883 0.005859
0 0.739258 0.387695 0.005859 0.005859
0 0.625977 0.379883 0.003906 0.003906
0 0.756836 0.361328 0.005859 0.007812
0 0.763672 0.357910 0.005859 0.004883
0 0.215332 0.351562 0.006836 0.005859
0 0.428223 0.339355 0.006836 0.006836
0 0.582031 0.320801 0.003906 0.004883
0 0.693848 0.319824 0.004883 0.006836
0 0.210449 0.303223 0.004883 0.006836
0 0.543457 0.279297 0.006836 0.005859
0 0.490234 0.250000 0.005859 0.005859
0 0.166504 0.248047 0.004883 0.005859
0 0.651855 0.243652 0.006836 0.008789
0 0.458008 0.238281 0.005859 0.005859
0 0.432617 0.199219 0.003906 0.005859
0 0.419922 0.186035 0.007812 0.006836
1 0.746094 0.760254 0.011719 0.008789
1 0.710449 0.738281 0.026367 0.025391
1 0.687988 0.728027 0.014648 0.012695
1 0.697754 0.720703 0.006836 0.005859
1 0.738770 0.662598 0.016602 0.020508
1 0.576660 0.527344 0.010742 0.005859
1 0.582520 0.521484 0.008789 0.005859
1 0.659180 0.522949 0.019531 0.018555
1 0.643555 0.506348 0.005859 0.002930
1 0.367676 0.504883 0.004883 0.005859
1 0.740234 0.487305 0.013672 0.015625
1 0.772949 0.485840 0.030273 0.028320
1 0.692383 0.439453 0.005859 0.007812
1 0.799316 0.439453 0.018555 0.017578
1 0.368164 0.434570 0.013672 0.009766
1 0.418457 0.425293 0.018555 0.016602
1 0.793457 0.412598 0.018555 0.020508
1 0.718262 0.384766 0.006836 0.007812
1 0.600098 0.344727 0.002930 0.005859
1 0.737305 0.345215 0.017578 0.024414
1 0.158691 0.277344 0.008789 0.007812
1 0.681152 0.239746 0.006836 0.008789
1 0.660156 0.225586 0.021484 0.023438
1 0.461914 0.197266 0.011719 0.011719
2 0.582031 0.790527 0.003906 0.004883
2 0.513184 0.788086 0.004883 0.003906
2 0.538574 0.786621 0.018555 0.012695
2 0.531250 0.780273 0.013672 0.005859
2 0.512695 0.776855 0.007812 0.008789
2 0.698242 0.774414 0.005859 0.005859
2 0.595703 0.767578 0.003906 0.003906
2 0.681152 0.767090 0.010742 0.008789
2 0.520996 0.767090 0.004883 0.008789
2 0.671875 0.757812 0.003906 0.003906
2 0.592773 0.750488 0.005859 0.008789
2 0.584961 0.749023 0.007812 0.007812
2 0.534180 0.749512 0.011719 0.010742
2 0.498047 0.741211 0.013672 0.009766
2 0.361328 0.734863 0.005859 0.004883
2 0.588379 0.736816 0.010742 0.014648
2 0.656250 0.730957 0.005859 0.004883
2 0.602539 0.736816 0.011719 0.020508
2 0.583496 0.725098 0.008789 0.006836
2 0.651367 0.721680 0.013672 0.007812
2 0.665527 0.715332 0.006836 0.002930
2 0.547363 0.716797 0.010742 0.005859
2 0.522461 0.732910 0.027344 0.043945
2 0.254395 0.711426 0.006836 0.006836
2 0.679199 0.709473 0.006836 0.004883
2 0.573730 0.709473 0.006836 0.004883
2 0.739746 0.708008 0.004883 0.003906
2 0.588379 0.711426 0.008789 0.010742
2 0.531738 0.705566 0.010742 0.008789
2 0.498535 0.700684 0.008789 0.006836
2 0.717285 0.698242 0.004883 0.003906
2 0.551270 0.704102 0.028320 0.015625
2 0.630859 0.698730 0.011719 0.010742
2 0.548828 0.693848 0.007812 0.004883
2 0.655762 0.683105 0.004883 0.002930
2 0.638184 0.687988 0.020508 0.012695
2 0.632324 0.676758 0.008789 0.003906
2 0.572754 0.670410 0.004883 0.004883
2 0.738770 0.643066 0.004883 0.006836
2 0.718262 0.639160 0.014648 0.014648
2 0.661621 0.636230 0.006836 0.008789
2 0.700195 0.634766 0.011719 0.007812
2 0.674805 0.633301 0.015625 0.010742
2 0.564941 0.625000 0.004883 0.003906
2 0.478516 0.623535 0.005859 0.004883
2 0.667969 0.623535 0.007812 0.006836
2 0.690918 0.624512 0.010742 0.014648
2 0.718262 0.621582 0.012695 0.016602
2 0.646484 0.616211 0.005859 0.007812
2 0.683594 0.619629 0.013672 0.016602
2 0.710449 0.613281 0.004883 0.005859
2 0.659668 0.611816 0.008789 0.004883
2 0.567383 0.608398 0.005859 0.007812
2 0.626465 0.609375 0.012695 0.015625
2 0.679688 0.604980 0.009766 0.008789
2 0.700684 0.609863 0.014648 0.020508
2 0.582520 0.603027 0.014648 0.006836
2 0.655762 0.601074 0.006836 0.006836
2 0.549805 0.602051 0.005859 0.008789
2 0.669922 0.598633 0.003906 0.003906
2 0.645020 0.600586 0.006836 0.007812
2 0.686523 0.597168 0.007812 0.004883
2 0.584961 0.596191 0.003906 0.004883
2 0.645508 0.590332 0.005859 0.002930
2 0.523926 0.604980 0.028320 0.034180
2 0.647461 0.579102 0.003906 0.005859
2 0.614746 0.593750 0.051758 0.037109
2 0.677246 0.579590 0.053711 0.034180
2 0.730469 0.560547 0.009766 0.007812
2 0.746094 0.560059 0.009766 0.008789
2 0.717773 0.556152 0.005859 0.006836
2 0.454590 0.553711 0.006836 0.007812
2 0.757324 0.552246 0.006836 0.006836
2 0.703125 0.552734 0.009766 0.019531
2 0.721191 0.543457 0.004883 0.004883
2 0.519043 0.544434 0.006836 0.006836
2 0.530273 0.541992 0.003906 0.003906
2 0.714355 0.540039 0.004883 0.003906
2 0.463867 0.534180 0.005859 0.003906
2 0.724609 0.531250 0.005859 0.003906
2 0.501953 0.528320 0.005859 0.005859
2 0.447266 0.522949 0.005859 0.006836
2 0.515137 0.520508 0.004883 0.003906
2 0.458008 0.511719 0.005859 0.005859
2 0.503418 0.509277 0.006836 0.004883
2 0.480957 0.530762 0.034180 0.047852
2 0.507812 0.505371 0.009766 0.004883
2 0.697754 0.502441 0.004883 0.004883
2 0.659180 0.500488 0.003906 0.004883
2 0.511230 0.499023 0.006836 0.003906
2 0.667480 0.497070 0.008789 0.005859
2 0.408691 0.498047 0.006836 0.007812
2 0.518066 0.494141 0.006836 0.005859
2 0.547852 0.490234 0.003906 0.003906
2 0.682617 0.484375 0.003906 0.005859
2 0.529785 0.490723 0.014648 0.018555
2 0.509766 0.486328 0.011719 0.009766
2 0.474609 0.484375 0.003906 0.005859
2 0.553223 0.483398 0.002930 0.007812
2 0.702148 0.484375 0.011719 0.013672
2 0.492188 0.485352 0.015625 0.015625
2 0.505859 0.478516 0.003906 0.003906
2 0.445312 0.487793 0.011719 0.026367
2 0.550293 0.472168 0.004883 0.004883
2 0.403809 0.476074 0.014648 0.014648
2 0.674316 0.471680 0.006836 0.007812
2 0.540527 0.470703 0.006836 0.009766
2 0.491211 0.470703 0.005859 0.009766
2 0.563477 0.469238 0.015625 0.012695
2 0.629395 0.474609 0.053711 0.029297
2 0.599121 0.461914 0.016602 0.005859
2 0.562500 0.460449 0.005859 0.004883
2 0.464844 0.463379 0.009766 0.010742
2 0.390625 0.461426 0.005859 0.006836
2 0.429688 0.459961 0.005859 0.005859
2 0.696777 0.465332 0.022461 0.018555
2 0.645508 0.462891 0.017578 0.015625
2 0.601074 0.456543 0.008789 0.002930
2 0.550293 0.461914 0.012695 0.013672
2 0.608887 0.454590 0.004883 0.004883
2 0.525879 0.451660 0.004883 0.004883
2 0.533691 0.457520 0.010742 0.020508
2 0.491699 0.450684 0.012695 0.012695
2 0.666992 0.457520 0.017578 0.030273
2 0.622559 0.450195 0.016602 0.017578
2 0.547363 0.442871 0.004883 0.004883
2 0.638672 0.445312 0.007812 0.011719
2 0.527344 0.443848 0.005859 0.008789
2 0.652832 0.444336 0.010742 0.011719
2 0.589355 0.446289 0.028320 0.015625
2 0.520508 0.440430 0.005859 0.007812
2 0.476562 0.443848 0.019531 0.014648
2 0.551758 0.438965 0.011719 0.006836
2 0.674805 0.435547 0.005859 0.003906
2 0.536621 0.436035 0.006836 0.006836
2 0.645020 0.434082 0.004883 0.006836
2 0.653809 0.433594 0.006836 0.007812
2 0.569336 0.439453 0.013672 0.019531
2 0.471191 0.429688 0.002930 0.005859
2 0.555664 0.425781 0.003906 0.003906
2 0.485352 0.428711 0.011719 0.011719
2 0.622070 0.424805 0.005859 0.005859
2 0.765137 0.423340 0.004883 0.004883
2 0.547852 0.427734 0.005859 0.013672
2 0.653320 0.421387 0.003906 0.004883
2 0.532715 0.426270 0.020508 0.014648
2 0.468750 0.421387 0.007812 0.008789
2 0.634766 0.422363 0.011719 0.012695
2 0.624512 0.417969 0.004883 0.003906
2 0.571777 0.417969 0.006836 0.003906
2 0.498047 0.415527 0.003906 0.004883
2 0.541992 0.400391 0.003906 0.005859
2 0.602051 0.415039 0.038086 0.037109
2 0.482422 0.407227 0.013672 0.021484
2 0.509766 0.409668 0.025391 0.028320
2 0.628906 0.396973 0.005859 0.004883
2 0.560059 0.399902 0.010742 0.016602
2 0.554199 0.395996 0.002930 0.008789
2 0.470215 0.395508 0.014648 0.011719
2 0.534180 0.389648 0.003906 0.003906
2 0.503418 0.391602 0.006836 0.007812
2 0.520508 0.394043 0.007812 0.014648
2 0.594238 0.388184 0.010742 0.012695
2 0.567383 0.385254 0.009766 0.006836
2 0.511230 0.387695 0.008789 0.013672
2 0.581543 0.392578 0.014648 0.035156
2 0.490234 0.384766 0.023438 0.019531
2 0.393555 0.380371 0.009766 0.010742
2 0.517578 0.377441 0.007812 0.008789
2 0.380859 0.380371 0.005859 0.014648
2 0.349609 0.377441 0.009766 0.010742
2 0.541016 0.365723 0.005859 0.006836
2 0.574219 0.359375 0.007812 0.005859
2 0.354980 0.358398 0.004883 0.003906
2 0.557129 0.368164 0.022461 0.025391
2 0.546387 0.358398 0.006836 0.009766
2 0.595215 0.355469 0.012695 0.007812
2 0.375000 0.353027 0.003906 0.006836
2 0.635254 0.351562 0.012695 0.009766
2 0.616211 0.353516 0.015625 0.015625
2 0.582520 0.346191 0.020508 0.012695
2 0.552246 0.340820 0.006836 0.003906
2 0.455566 0.346191 0.012695 0.022461
2 0.600586 0.336914 0.005859 0.005859
2 0.361816 0.337891 0.006836 0.007812
2 0.421387 0.335449 0.004883 0.004883
2 0.388672 0.340332 0.013672 0.014648
2 0.369141 0.335449 0.003906 0.004883
2 0.432129 0.334473 0.004883 0.006836
2 0.614258 0.332031 0.003906 0.005859
2 0.450684 0.331055 0.004883 0.003906
2 0.380859 0.329590 0.009766 0.006836
2 0.567383 0.331543 0.017578 0.012695
2 0.471680 0.327148 0.003906 0.005859
2 0.412598 0.326172 0.014648 0.011719
2 0.463379 0.323242 0.006836 0.007812
2 0.604004 0.321289 0.004883 0.005859
2 0.570801 0.318848 0.004883 0.006836
2 0.595703 0.311523 0.003906 0.003906
2 0.577148 0.312012 0.003906 0.004883
2 0.462891 0.312500 0.007812 0.007812
2 0.583496 0.308105 0.004883 0.004883
2 0.428223 0.302246 0.006836 0.004883
2 0.450195 0.299316 0.005859 0.006836
2 0.468262 0.297363 0.004883 0.004883
2 0.437988 0.298340 0.008789 0.006836
2 0.736816 0.282715 0.004883 0.004883
2 0.416504 0.249512 0.006836 0.006836
2 0.187012 0.228027 0.004883 0.004883
4 0.199219 0.526367 0.113281 0.123047