0 0.357422 0.689941 0.003906 0.004883
0 0.296387 0.668457 0.006836 0.006836
0 0.158691 0.623535 0.006836 0.006836
0 0.242676 0.535156 0.008789 0.007812
0 0.184570 0.496582 0.003906 0.004883
0 0.475586 0.432617 0.005859 0.005859
0 0.450195 0.351074 0.003906 0.004883
0 0.172363 0.282715 0.006836 0.006836
1 0.324707 0.805664 0.022461 0.011719
1 0.157715 0.659180 0.010742 0.017578
1 0.201172 0.587891 0.003906 0.007812
1 0.284668 0.533691 0.004883 0.010742
1 0.500488 0.444824 0.010742 0.004883
1 0.188965 0.232422 0.010742 0.013672
2 0.247559 0.638672 0.004883 0.003906
2 0.355469 0.527344 0.005859 0.003906
2 0.341797 0.519043 0.007812 0.004883
2 0.263184 0.498047 0.004883 0.003906
2 0.348145 0.492676 0.006836 0.004883
2 0.331543 0.491699 0.004883 0.008789
2 0.303223 0.474121 0.004883 0.004883
2 0.438477 0.473633 0.007812 0.005859
2 0.452637 0.465820 0.016602 0.013672
2 0.259277 0.453125 0.004883 0.003906
2 0.267090 0.444336 0.012695 0.015625
2 0.245605 0.439453 0.004883 0.007812
2 0.271973 0.415039 0.006836 0.007812
4 0.688477 0.489258 0.115234 0.130859