0 0.268555 0.778320 0.005859 0.005859
0 0.116211 0.678711 0.003906 0.003906
0 0.279297 0.664062 0.003906 0.003906
0 0.408691 0.628906 0.004883 0.003906
0 0.458984 0.616699 0.005859 0.004883
0 0.416992 0.616211 0.003906 0.003906
0 0.544434 0.602539 0.004883 0.003906
0 0.332031 0.579590 0.003906 0.004883
0 0.666992 0.558594 0.003906 0.003906
0 0.304199 0.559082 0.004883 0.004883
0 0.580566 0.514160 0.004883 0.004883
0 0.626953 0.511230 0.003906 0.004883
0 0.309570 0.503418 0.003906 0.004883
0 0.311523 0.490234 0.003906 0.003906
0 0.544434 0.481445 0.006836 0.005859
0 0.803711 0.442871 0.003906 0.004883
0 0.605957 0.416016 0.004883 0.003906
0 0.106445 0.395508 0.003906 0.003906
0 0.555176 0.370605 0.004883 0.004883
0 0.279297 0.344727 0.003906 0.003906
0 0.156738 0.327637 0.004883 0.004883
0 0.385254 0.319824 0.004883 0.004883
0 0.744141 0.315430 0.003906 0.003906
0 0.668457 0.263672 0.004883 0.005859
0 0.692383 0.210938 0.003906 0.003906
1 0.649902 0.823730 0.012695 0.006836
1 0.428711 0.803223 0.037109 0.030273
1 0.395508 0.778320 0.017578 0.011719
1 0.517090 0.783203 0.028320 0.029297
1 0.364258 0.771484 0.015625 0.011719
1 0.744141 0.764160 0.019531 0.016602
1 0.334473 0.742188 0.022461 0.009766
1 0.385254 0.751465 0.077148 0.032227
1 0.434082 0.732910 0.018555 0.010742
1 0.379395 0.713867 0.006836 0.003906
1 0.434082 0.710449 0.010742 0.008789
1 0.345703 0.708008 0.013672 0.009766
1 0.353516 0.699219 0.005859 0.005859
1 0.322266 0.712402 0.033203 0.047852
1 0.406738 0.675293 0.004883 0.004883
1 0.602051 0.671387 0.008789 0.010742
1 0.757812 0.670898 0.013672 0.017578
1 0.413086 0.662598 0.011719 0.008789
1 0.414062 0.647461 0.009766 0.009766
1 0.427734 0.644043 0.005859 0.006836
1 0.681152 0.592285 0.004883 0.006836
1 0.405273 0.580078 0.005859 0.007812
1 0.673340 0.569824 0.008789 0.008789
1 0.543457 0.570312 0.006836 0.011719
1 0.322266 0.567871 0.015625 0.014648
1 0.551270 0.564453 0.006836 0.011719
1 0.295410 0.548340 0.008789 0.004883
1 0.665039 0.543457 0.052734 0.024414
1 0.556641 0.528320 0.003906 0.005859
1 0.546875 0.506836 0.005859 0.005859
1 0.614746 0.502930 0.004883 0.005859
1 0.355957 0.503906 0.008789 0.007812
1 0.532227 0.501465 0.007812 0.010742
1 0.602539 0.500000 0.013672 0.009766
1 0.573242 0.471680 0.007812 0.007812
1 0.526855 0.467773 0.004883 0.011719
1 0.452148 0.466797 0.017578 0.017578
1 0.352539 0.456543 0.009766 0.004883
1 0.781738 0.457031 0.008789 0.009766
1 0.675293 0.449219 0.002930 0.005859
1 0.260254 0.443848 0.006836 0.006836
1 0.477539 0.440918 0.005859 0.006836
1 0.749023 0.424805 0.031250 0.031250
1 0.653809 0.411133 0.006836 0.007812
1 0.618164 0.410156 0.005859 0.005859
1 0.745117 0.408691 0.005859 0.008789
1 0.736816 0.407227 0.006836 0.005859
1 0.102051 0.406738 0.006836 0.004883
1 0.610352 0.406250 0.007812 0.009766
1 0.656250 0.403809 0.003906 0.006836
1 0.743652 0.399902 0.006836 0.006836
1 0.392578 0.394531 0.007812 0.007812
1 0.456543 0.360352 0.012695 0.015625
1 0.603027 0.360840 0.018555 0.020508
1 0.172852 0.333496 0.009766 0.010742
1 0.151367 0.316895 0.011719 0.008789
1 0.399902 0.275879 0.008789 0.008789
1 0.357910 0.270508 0.020508 0.021484
1 0.391602 0.262695 0.011719 0.009766
1 0.705566 0.263672 0.018555 0.015625
1 0.415527 0.259277 0.008789 0.006836
1 0.457520 0.257812 0.008789 0.007812
1 0.469238 0.252930 0.010742 0.005859
1 0.640625 0.256348 0.025391 0.024414
1 0.678711 0.250977 0.021484 0.021484
1 0.662109 0.232910 0.013672 0.016602
1 0.699707 0.199707 0.004883 0.004883
1 0.554688 0.194336 0.007812 0.009766
1 0.688477 0.193848 0.013672 0.012695
1 0.567383 0.189453 0.007812 0.005859
2 0.625977 0.764160 0.005859 0.008789
2 0.378906 0.731934 0.003906 0.004883
2 0.579590 0.722168 0.004883 0.006836
2 0.600586 0.705566 0.003906 0.006836
2 0.560059 0.713867 0.018555 0.023438
2 0.590820 0.702637 0.003906 0.004883
2 0.461426 0.702637 0.002930 0.004883
2 0.448242 0.704102 0.007812 0.007812
2 0.540527 0.698730 0.006836 0.006836
2 0.547363 0.701660 0.006836 0.018555
2 0.432129 0.694824 0.004883 0.006836
2 0.474609 0.691895 0.003906 0.004883
2 0.462891 0.693359 0.003906 0.009766
2 0.453125 0.691895 0.005859 0.006836
2 0.548340 0.684082 0.004883 0.006836
2 0.333984 0.682129 0.005859 0.002930
2 0.557617 0.683105 0.003906 0.006836
2 0.539062 0.683594 0.007812 0.009766
2 0.488281 0.684570 0.005859 0.017578
2 0.602539 0.682617 0.009766 0.015625
2 0.402832 0.670898 0.004883 0.007812
2 0.580566 0.668457 0.002930 0.008789
2 0.358398 0.665039 0.003906 0.003906
2 0.296387 0.664551 0.004883 0.004883
2 0.458008 0.677734 0.042969 0.033203
2 0.437012 0.664062 0.004883 0.007812
2 0.621582 0.656250 0.004883 0.007812
2 0.475098 0.653809 0.004883 0.004883
2 0.290527 0.644531 0.004883 0.003906
2 0.615723 0.643555 0.004883 0.005859
2 0.607422 0.647461 0.011719 0.013672
2 0.623535 0.641113 0.006836 0.004883
2 0.604980 0.629883 0.002930 0.005859
2 0.370605 0.630859 0.004883 0.007812
2 0.578125 0.629883 0.021484 0.023438
2 0.479492 0.621094 0.003906 0.005859
2 0.559082 0.620605 0.014648 0.010742
2 0.379883 0.618164 0.003906 0.005859
2 0.368652 0.619629 0.002930 0.008789
2 0.602539 0.618652 0.007812 0.008789
2 0.595215 0.616699 0.004883 0.004883
2 0.478027 0.614258 0.002930 0.005859
2 0.678711 0.610352 0.009766 0.011719
2 0.473633 0.604980 0.003906 0.004883
2 0.398438 0.605957 0.003906 0.006836
2 0.290039 0.600586 0.003906 0.003906
2 0.622559 0.597656 0.004883 0.007812
2 0.506836 0.598145 0.007812 0.010742
2 0.583984 0.586914 0.003906 0.009766
2 0.494629 0.591797 0.026367 0.031250
2 0.333008 0.572754 0.003906 0.004883
2 0.473633 0.571777 0.007812 0.008789
2 0.637695 0.574219 0.009766 0.015625
2 0.413086 0.567871 0.003906 0.006836
2 0.571777 0.575195 0.040039 0.023438
2 0.769043 0.564941 0.004883 0.004883
2 0.448242 0.566406 0.003906 0.007812
2 0.525879 0.567383 0.008789 0.015625
2 0.341309 0.562012 0.004883 0.008789
2 0.393066 0.567383 0.016602 0.021484
2 0.366699 0.568848 0.038086 0.026367
2 0.577148 0.557617 0.003906 0.005859
2 0.410156 0.553711 0.003906 0.007812
2 0.346191 0.554199 0.012695 0.008789
2 0.588867 0.545898 0.003906 0.003906
2 0.382812 0.543457 0.005859 0.004883
2 0.564941 0.547852 0.014648 0.015625
2 0.312500 0.541504 0.005859 0.006836
2 0.458496 0.538086 0.008789 0.007812
2 0.606934 0.568848 0.034180 0.071289
2 0.508789 0.534668 0.005859 0.010742
2 0.392090 0.542969 0.018555 0.027344
2 0.465332 0.531738 0.002930 0.006836
2 0.338379 0.531250 0.006836 0.005859
2 0.516602 0.532715 0.005859 0.010742
2 0.514648 0.549316 0.070312 0.047852
2 0.503906 0.529785 0.003906 0.016602
2 0.575684 0.524414 0.004883 0.007812
2 0.686523 0.521973 0.003906 0.004883
2 0.613770 0.522949 0.004883 0.006836
2 0.379883 0.524414 0.005859 0.011719
2 0.333008 0.521484 0.023438 0.011719
2 0.598633 0.518555 0.009766 0.009766
2 0.505859 0.508789 0.005859 0.005859
2 0.408691 0.501953 0.006836 0.007812
2 0.621094 0.499512 0.003906 0.004883
2 0.606934 0.496582 0.004883 0.004883
2 0.672852 0.506836 0.009766 0.027344
2 0.405762 0.494141 0.004883 0.005859
2 0.453613 0.506348 0.016602 0.036133
2 0.472168 0.501465 0.022461 0.028320
2 0.317383 0.489258 0.005859 0.009766
2 0.655273 0.495605 0.023438 0.024414
2 0.583008 0.491699 0.013672 0.016602
2 0.305664 0.485352 0.005859 0.005859
2 0.467773 0.480957 0.005859 0.010742
2 0.651367 0.478027 0.009766 0.008789
2 0.625977 0.483887 0.023438 0.022461
2 0.461914 0.474609 0.003906 0.003906
2 0.368164 0.474121 0.007812 0.004883
2 0.563965 0.473633 0.008789 0.009766
2 0.629883 0.469727 0.003906 0.003906
2 0.422852 0.501953 0.056641 0.082031
2 0.431641 0.464844 0.003906 0.007812
2 0.336426 0.468750 0.012695 0.015625
2 0.368164 0.462891 0.003906 0.005859
2 0.633789 0.463379 0.003906 0.008789
2 0.483398 0.460938 0.007812 0.005859
2 0.384766 0.466309 0.019531 0.016602
2 0.419922 0.459961 0.007812 0.005859
2 0.303223 0.467773 0.016602 0.023438
2 0.465332 0.462402 0.008789 0.014648
2 0.523926 0.461426 0.010742 0.014648
2 0.510254 0.456055 0.008789 0.007812
2 0.503906 0.463867 0.025391 0.025391
2 0.453613 0.455078 0.004883 0.007812
2 0.279785 0.455566 0.012695 0.008789
2 0.473633 0.454590 0.007812 0.010742
2 0.720215 0.449219 0.006836 0.007812
2 0.532227 0.450684 0.005859 0.010742
2 0.547852 0.458008 0.027344 0.027344
2 0.358887 0.449219 0.006836 0.011719
2 0.471191 0.444336 0.002930 0.007812
2 0.287598 0.441406 0.006836 0.007812
2 0.530273 0.440430 0.007812 0.007812
2 0.419922 0.439941 0.005859 0.008789
2 0.328613 0.439453 0.006836 0.007812
2 0.407227 0.441895 0.017578 0.018555
2 0.496094 0.434082 0.003906 0.004883
2 0.350098 0.431641 0.004883 0.003906
2 0.593262 0.429199 0.008789 0.008789
2 0.299316 0.425781 0.006836 0.003906
2 0.385254 0.428711 0.010742 0.013672
2 0.332031 0.423340 0.003906 0.004883
2 0.583496 0.423340 0.004883 0.008789
2 0.520508 0.418945 0.003906 0.003906
2 0.313477 0.422363 0.009766 0.010742
2 0.419434 0.423340 0.010742 0.016602
2 0.627930 0.416992 0.005859 0.005859
2 0.567871 0.418457 0.026367 0.014648
2 0.412598 0.415039 0.008789 0.007812
2 0.421387 0.411133 0.004883 0.003906
2 0.492188 0.410645 0.005859 0.006836
2 0.323242 0.410645 0.003906 0.006836
2 0.391113 0.411621 0.008789 0.010742
2 0.721680 0.406738 0.003906 0.004883
2 0.531250 0.406738 0.003906 0.004883
2 0.715820 0.405762 0.005859 0.004883
2 0.404297 0.407227 0.005859 0.007812
2 0.315430 0.402832 0.003906 0.004883
2 0.582031 0.401855 0.005859 0.006836
2 0.564453 0.402832 0.015625 0.014648
2 0.592773 0.397461 0.009766 0.007812
2 0.577148 0.395508 0.003906 0.007812
2 0.516602 0.393555 0.003906 0.003906
2 0.643555 0.389648 0.003906 0.005859
2 0.446777 0.390625 0.010742 0.009766
2 0.603027 0.389648 0.008789 0.013672
2 0.466797 0.386719 0.011719 0.011719
2 0.613770 0.383789 0.004883 0.007812
2 0.593262 0.382812 0.002930 0.005859
2 0.629883 0.387695 0.007812 0.017578
2 0.605469 0.375977 0.015625 0.005859
2 0.371094 0.371094 0.003906 0.003906
2 0.415527 0.369629 0.008789 0.006836
2 0.802246 0.366211 0.004883 0.005859
2 0.625000 0.365723 0.005859 0.006836
2 0.376953 0.365723 0.007812 0.006836
2 0.366699 0.365234 0.002930 0.005859
2 0.827637 0.363770 0.006836 0.006836
2 0.588379 0.352539 0.004883 0.005859
2 0.618164 0.350098 0.003906 0.004883
2 0.502930 0.346191 0.005859 0.004883
2 0.120605 0.347656 0.004883 0.011719
2 0.176270 0.330566 0.008789 0.006836
2 0.280273 0.326172 0.009766 0.007812
2 0.706055 0.323242 0.003906 0.003906
2 0.181152 0.323730 0.008789 0.004883
2 0.189453 0.318848 0.005859 0.004883
2 0.403809 0.316895 0.006836 0.006836
2 0.412109 0.313477 0.005859 0.005859
2 0.371582 0.303711 0.012695 0.007812
2 0.405273 0.302246 0.009766 0.008789
2 0.386230 0.298340 0.004883 0.004883
2 0.376953 0.292969 0.005859 0.003906
2 0.300293 0.288574 0.006836 0.006836
2 0.400879 0.267578 0.008789 0.007812
2 0.420410 0.248047 0.008789 0.003906
2 0.410645 0.235352 0.006836 0.003906
2 0.420410 0.234863 0.004883 0.004883
2 0.264648 0.229980 0.003906 0.004883
2 0.278320 0.222168 0.009766 0.008789
2 0.393555 0.185547 0.007812 0.003906
2 0.281250 0.185059 0.005859 0.004883
2 0.252441 0.184570 0.008789 0.003906
2 0.266602 0.180664 0.005859 0.005859
2 0.499023 0.178223 0.009766 0.006836
3 0.350586 0.794922 0.013672 0.017578
4 0.161133 0.493652 0.134766 0.124023