0 0.557129 0.729980 0.006836 0.006836
0 0.498047 0.717285 0.005859 0.006836
0 0.572266 0.656250 0.003906 0.003906
0 0.559082 0.618652 0.004883 0.004883
0 0.617676 0.542480 0.004883 0.002930
0 0.187988 0.540039 0.004883 0.005859
0 0.134277 0.540527 0.006836 0.006836
0 0.181641 0.526367 0.003906 0.003906
0 0.226074 0.518555 0.006836 0.007812
0 0.200684 0.514160 0.004883 0.004883
0 0.556641 0.504883 0.003906 0.003906
0 0.571777 0.500977 0.006836 0.007812
0 0.688965 0.304199 0.004883 0.004883
0 0.703125 0.297363 0.005859 0.004883
0 0.598633 0.280762 0.005859 0.004883
0 0.312988 0.242188 0.006836 0.005859
1 0.501953 0.709473 0.007812 0.004883
1 0.496582 0.686035 0.028320 0.034180
1 0.526855 0.606934 0.020508 0.012695
1 0.181641 0.567383 0.005859 0.007812
1 0.159180 0.520996 0.015625 0.010742
1 0.245605 0.505371 0.010742 0.008789
1 0.175781 0.498535 0.007812 0.008789
1 0.483887 0.455078 0.010742 0.003906
1 0.228516 0.431641 0.005859 0.009766
1 0.207520 0.434570 0.024414 0.027344
1 0.220215 0.405273 0.008789 0.007812
1 0.296875 0.415039 0.023438 0.033203
1 0.582520 0.240723 0.045898 0.051758
1 0.674805 0.211426 0.009766 0.014648
2 0.687988 0.814941 0.006836 0.004883
2 0.687012 0.807129 0.016602 0.006836
2 0.704102 0.797363 0.007812 0.004883
2 0.266602 0.590332 0.007812 0.006836
2 0.424316 0.579590 0.010742 0.010742
2 0.262695 0.573242 0.007812 0.005859
2 0.209961 0.562012 0.005859 0.004883
2 0.267578 0.557129 0.009766 0.008789
2 0.523926 0.544434 0.008789 0.008789
2 0.214844 0.543457 0.013672 0.008789
2 0.528320 0.537109 0.007812 0.005859
2 0.520996 0.533203 0.004883 0.003906
2 0.518555 0.524902 0.009766 0.006836
2 0.431641 0.513184 0.011719 0.008789
2 0.315430 0.505859 0.003906 0.003906
2 0.420898 0.504883 0.013672 0.011719
2 0.441406 0.501465 0.021484 0.012695
2 0.386719 0.498047 0.009766 0.007812
2 0.396973 0.497559 0.004883 0.010742
2 0.584961 0.485352 0.005859 0.003906
2 0.574707 0.479980 0.010742 0.008789
2 0.558594 0.475098 0.007812 0.004883
2 0.559570 0.467773 0.005859 0.005859
2 0.328125 0.460938 0.005859 0.003906
2 0.322266 0.455078 0.005859 0.003906
2 0.305664 0.450195 0.009766 0.013672
2 0.432129 0.439453 0.004883 0.003906
3 0.649902 0.765625 0.028320 0.015625
3 0.624512 0.200195 0.030273 0.023438
4 0.689453 0.545898 0.109375 0.123047