0 0.627930 0.810547 0.005859 0.005859
0 0.555664 0.810059 0.005859 0.004883
0 0.575684 0.801758 0.004883 0.003906
0 0.575684 0.794922 0.004883 0.003906
0 0.550781 0.779785 0.003906 0.004883
0 0.683105 0.776855 0.006836 0.006836
0 0.330078 0.772949 0.003906 0.004883
0 0.318848 0.767578 0.004883 0.003906
0 0.640625 0.758301 0.005859 0.006836
0 0.724121 0.754395 0.006836 0.006836
0 0.551758 0.751953 0.003906 0.003906
0 0.731445 0.750000 0.003906 0.003906
0 0.745117 0.749023 0.003906 0.003906
0 0.618652 0.744629 0.004883 0.004883
0 0.741699 0.723145 0.004883 0.004883
0 0.249512 0.705078 0.004883 0.003906
0 0.604492 0.679688 0.005859 0.005859
0 0.771484 0.677246 0.005859 0.006836
0 0.767578 0.669434 0.003906 0.004883
0 0.583008 0.643066 0.005859 0.004883
0 0.162109 0.634766 0.005859 0.005859
0 0.742188 0.617188 0.003906 0.003906
0 0.543457 0.614258 0.006836 0.007812
0 0.483398 0.604004 0.005859 0.004883
0 0.529297 0.601562 0.005859 0.009766
0 0.587891 0.588867 0.003906 0.003906
0 0.650879 0.578125 0.006836 0.005859
0 0.180176 0.562988 0.004883 0.004883
0 0.640625 0.556641 0.003906 0.003906
0 0.525391 0.542969 0.005859 0.005859
0 0.666992 0.541504 0.003906 0.004883
0 0.693359 0.527832 0.003906 0.004883
0 0.398926 0.527344 0.004883 0.005859
0 0.443359 0.500488 0.003906 0.004883
0 0.412598 0.490723 0.004883 0.004883
0 0.118652 0.482422 0.004883 0.003906
0 0.339355 0.471680 0.006836 0.005859
0 0.128418 0.456543 0.004883 0.004883
0 0.395508 0.453125 0.003906 0.003906
0 0.443359 0.429688 0.003906 0.003906
0 0.532227 0.424805 0.003906 0.003906
0 0.591309 0.416504 0.004883 0.004883
0 0.750977 0.388184 0.003906 0.004883
0 0.706543 0.388184 0.004883 0.004883
0 0.596680 0.365723 0.005859 0.004883
0 0.614258 0.341309 0.003906 0.004883
0 0.133301 0.325684 0.004883 0.004883
0 0.651855 0.301270 0.006836 0.006836
0 0.568848 0.284668 0.004883 0.004883
0 0.215820 0.286133 0.005859 0.007812
0 0.154785 0.282715 0.004883 0.004883
0 0.228516 0.276855 0.005859 0.004883
0 0.660645 0.269043 0.006836 0.006836
0 0.652344 0.264160 0.007812 0.004883
0 0.638184 0.256348 0.006836 0.004883
0 0.226074 0.243164 0.004883 0.005859
0 0.635254 0.213379 0.004883 0.004883
0 0.249512 0.209473 0.004883 0.004883
0 0.295898 0.196289 0.003906 0.003906
1 0.625977 0.776855 0.011719 0.004883
1 0.583984 0.778320 0.025391 0.007812
1 0.333984 0.775879 0.005859 0.002930
1 0.554688 0.773926 0.009766 0.012695
1 0.339844 0.769531 0.005859 0.005859
1 0.715820 0.769043 0.009766 0.012695
1 0.769043 0.722656 0.018555 0.017578
1 0.675293 0.706543 0.016602 0.014648
1 0.263672 0.682129 0.005859 0.006836
1 0.319336 0.679199 0.005859 0.004883
1 0.134277 0.662598 0.010742 0.010742
1 0.587891 0.628906 0.007812 0.007812
1 0.750488 0.606934 0.006836 0.008789
1 0.405273 0.604004 0.029297 0.022461
1 0.504883 0.581543 0.005859 0.002930
1 0.091309 0.571777 0.006836 0.010742
1 0.376465 0.553711 0.018555 0.021484
1 0.724121 0.537598 0.010742 0.008789
1 0.420410 0.480957 0.008789 0.018555
1 0.363770 0.443359 0.020508 0.005859
1 0.455566 0.441895 0.012695 0.008789
1 0.574219 0.361816 0.007812 0.006836
1 0.748535 0.359375 0.008789 0.009766
1 0.678711 0.345703 0.011719 0.007812
1 0.627441 0.324219 0.010742 0.007812
1 0.501465 0.291992 0.006836 0.009766
1 0.481934 0.288574 0.010742 0.008789
1 0.583984 0.272949 0.003906 0.006836
1 0.453125 0.277832 0.013672 0.016602
1 0.614746 0.257324 0.016602 0.016602
1 0.724609 0.245117 0.003906 0.005859
1 0.590332 0.243652 0.010742 0.010742
1 0.652832 0.244141 0.028320 0.021484
1 0.602539 0.234863 0.017578 0.008789
1 0.569336 0.231934 0.031250 0.018555
2 0.653809 0.810547 0.004883 0.007812
2 0.667480 0.803711 0.016602 0.011719
2 0.533203 0.746094 0.005859 0.005859
2 0.537598 0.740234 0.008789 0.005859
2 0.646484 0.718262 0.007812 0.008789
2 0.689941 0.687012 0.010742 0.006836
2 0.678223 0.686523 0.006836 0.007812
2 0.666504 0.675781 0.006836 0.005859
2 0.678223 0.674316 0.004883 0.006836
2 0.686035 0.675781 0.016602 0.011719
2 0.625488 0.597168 0.012695 0.018555
2 0.415039 0.574219 0.007812 0.003906
2 0.397461 0.566895 0.009766 0.008789
2 0.401855 0.554688 0.008789 0.005859
2 0.396973 0.546387 0.004883 0.004883
2 0.409668 0.543457 0.008789 0.006836
2 0.493652 0.533691 0.022461 0.016602
2 0.816895 0.522949 0.004883 0.004883
2 0.516113 0.520508 0.006836 0.009766
2 0.443359 0.513184 0.003906 0.004883
2 0.500977 0.502930 0.009766 0.007812
2 0.143066 0.500488 0.010742 0.008789
2 0.128418 0.498047 0.004883 0.003906
2 0.834473 0.496094 0.002930 0.005859
2 0.505371 0.490723 0.004883 0.006836
2 0.531250 0.488770 0.003906 0.004883
2 0.139160 0.479980 0.008789 0.010742
2 0.492188 0.476562 0.005859 0.005859
2 0.472168 0.479492 0.018555 0.015625
2 0.446777 0.468750 0.004883 0.003906
2 0.631836 0.471680 0.011719 0.015625
2 0.726074 0.465332 0.006836 0.004883
2 0.585449 0.465332 0.006836 0.008789
2 0.476562 0.464355 0.007812 0.006836
2 0.142578 0.463867 0.009766 0.009766
2 0.593750 0.460449 0.005859 0.004883
2 0.456543 0.463867 0.020508 0.013672
2 0.713379 0.464355 0.010742 0.016602
2 0.497559 0.462891 0.014648 0.021484
2 0.689453 0.462402 0.029297 0.022461
2 0.511719 0.456543 0.003906 0.010742
2 0.720703 0.450684 0.005859 0.004883
2 0.526367 0.464355 0.019531 0.032227
2 0.476074 0.453125 0.010742 0.009766
2 0.445801 0.451660 0.002930 0.006836
2 0.500488 0.445801 0.004883 0.004883
2 0.475586 0.445312 0.003906 0.003906
2 0.643555 0.445312 0.007812 0.005859
2 0.485352 0.445801 0.009766 0.006836
2 0.666504 0.457520 0.036133 0.034180
2 0.666504 0.440918 0.002930 0.006836
2 0.710938 0.437988 0.007812 0.008789
2 0.512207 0.441895 0.010742 0.016602
2 0.484863 0.434082 0.006836 0.006836
2 0.477051 0.433105 0.006836 0.004883
2 0.701172 0.431641 0.003906 0.003906
2 0.691406 0.431641 0.003906 0.003906
2 0.539551 0.439453 0.010742 0.019531
2 0.427734 0.442871 0.023438 0.026367
2 0.753906 0.433105 0.007812 0.008789
2 0.739258 0.428223 0.005859 0.004883
2 0.580566 0.431641 0.010742 0.013672
2 0.569824 0.434570 0.014648 0.019531
2 0.557617 0.426270 0.005859 0.006836
2 0.479980 0.426758 0.008789 0.007812
2 0.691895 0.423340 0.004883 0.004883
2 0.677734 0.427246 0.017578 0.014648
2 0.597168 0.426758 0.008789 0.015625
2 0.435059 0.423340 0.004883 0.008789
2 0.654785 0.422363 0.012695 0.014648
2 0.709473 0.416016 0.006836 0.005859
2 0.406738 0.414551 0.004883 0.004883
2 0.543945 0.414551 0.003906 0.006836
2 0.702637 0.409668 0.012695 0.010742
2 0.555176 0.412109 0.010742 0.021484
2 0.625488 0.407227 0.012695 0.013672
2 0.716309 0.409180 0.016602 0.021484
2 0.733887 0.416016 0.018555 0.037109
2 0.755371 0.398926 0.004883 0.004883
2 0.566895 0.404785 0.006836 0.016602
2 0.575195 0.404297 0.009766 0.019531
2 0.764160 0.403320 0.010742 0.019531
2 0.747559 0.396973 0.006836 0.006836
2 0.725098 0.394043 0.006836 0.004883
2 0.495117 0.417480 0.023438 0.051758
2 0.685059 0.395020 0.004883 0.008789
2 0.738281 0.391113 0.003906 0.004883
2 0.776855 0.388184 0.002930 0.004883
2 0.546875 0.393555 0.025391 0.015625
2 0.555664 0.386230 0.003906 0.004883
2 0.499023 0.389160 0.013672 0.014648
2 0.458496 0.383301 0.004883 0.006836
2 0.437012 0.400391 0.034180 0.041016
2 0.554199 0.376953 0.008789 0.007812
2 0.591309 0.375000 0.006836 0.009766
2 0.652344 0.371094 0.003906 0.003906
2 0.687500 0.370605 0.005859 0.004883
2 0.600586 0.369629 0.005859 0.004883
2 0.518066 0.379883 0.022461 0.027344
2 0.606445 0.398438 0.033203 0.066406
2 0.586426 0.367188 0.006836 0.007812
2 0.605469 0.362305 0.005859 0.005859
2 0.617188 0.364746 0.011719 0.012695
2 0.628906 0.362305 0.005859 0.011719
2 0.690918 0.354492 0.006836 0.003906
2 0.628906 0.351562 0.005859 0.003906
2 0.590332 0.353516 0.006836 0.007812
2 0.611816 0.350098 0.008789 0.006836
2 0.651855 0.350586 0.010742 0.011719
2 0.590332 0.346191 0.004883 0.004883
2 0.639648 0.344238 0.003906 0.004883
2 0.601562 0.346191 0.007812 0.010742
2 0.591309 0.334473 0.004883 0.006836
2 0.648926 0.333496 0.006836 0.006836
2 0.607910 0.333496 0.018555 0.010742
2 0.651367 0.319824 0.003906 0.006836
2 0.619629 0.317383 0.006836 0.007812
2 0.644043 0.314453 0.006836 0.007812
2 0.627441 0.303223 0.012695 0.022461
2 0.537109 0.234375 0.005859 0.005859
2 0.530762 0.225586 0.004883 0.007812
2 0.540039 0.225098 0.011719 0.010742
2 0.735840 0.217773 0.006836 0.005859
2 0.443848 0.194824 0.002930 0.004883
2 0.414551 0.187988 0.004883 0.004883
3 0.690430 0.273926 0.021484 0.043945
4 0.247559 0.466309 0.118164 0.133789