0 0.268555 0.773926 0.003906 0.004883
0 0.754395 0.755859 0.008789 0.007812
0 0.536133 0.738770 0.003906 0.004883
0 0.511719 0.731934 0.003906 0.004883
0 0.325195 0.727539 0.009766 0.005859
0 0.447266 0.712891 0.005859 0.005859
0 0.580078 0.709473 0.005859 0.006836
0 0.568848 0.704590 0.006836 0.006836
0 0.500488 0.678711 0.006836 0.003906
0 0.305664 0.676758 0.003906 0.005859
0 0.509277 0.672852 0.004883 0.003906
0 0.423340 0.648438 0.004883 0.003906
0 0.597656 0.635742 0.003906 0.005859
0 0.606445 0.629883 0.005859 0.005859
0 0.543457 0.631836 0.010742 0.009766
0 0.353516 0.625977 0.007812 0.005859
0 0.791016 0.624023 0.005859 0.007812
0 0.510742 0.617676 0.003906 0.004883
0 0.516113 0.612305 0.006836 0.005859
0 0.597656 0.609375 0.003906 0.003906
0 0.523926 0.604492 0.004883 0.005859
0 0.496094 0.594727 0.007812 0.007812
0 0.724609 0.584961 0.003906 0.003906
0 0.099609 0.556152 0.005859 0.006836
0 0.496094 0.542969 0.007812 0.007812
0 0.253906 0.540527 0.005859 0.004883
0 0.331543 0.536133 0.004883 0.003906
0 0.677246 0.525391 0.004883 0.005859
0 0.650391 0.520020 0.003906 0.004883
0 0.292480 0.514648 0.004883 0.003906
0 0.762695 0.486816 0.005859 0.006836
0 0.291504 0.474609 0.004883 0.003906
0 0.288086 0.469727 0.003906 0.003906
0 0.632324 0.468262 0.004883 0.004883
0 0.285645 0.459961 0.004883 0.003906
0 0.285156 0.447754 0.003906 0.004883
0 0.687012 0.446289 0.006836 0.005859
0 0.734375 0.444824 0.003906 0.004883
0 0.694824 0.443359 0.004883 0.005859
0 0.276367 0.438965 0.003906 0.004883
0 0.702148 0.429688 0.005859 0.005859
0 0.580566 0.410645 0.006836 0.006836
0 0.782227 0.395020 0.005859 0.004883
0 0.661133 0.389160 0.007812 0.008789
0 0.579590 0.387695 0.004883 0.005859
0 0.589355 0.387207 0.004883 0.008789
0 0.659180 0.381836 0.003906 0.003906
0 0.754395 0.376953 0.004883 0.007812
0 0.718750 0.373047 0.005859 0.007812
0 0.742188 0.363770 0.005859 0.006836
0 0.235840 0.361328 0.004883 0.005859
0 0.626953 0.359375 0.009766 0.009766
0 0.559082 0.323242 0.006836 0.005859
0 0.319824 0.309082 0.006836 0.006836
0 0.519043 0.305664 0.004883 0.005859
0 0.633301 0.301270 0.008789 0.008789
0 0.531738 0.297852 0.006836 0.005859
0 0.531250 0.274414 0.005859 0.005859
0 0.599121 0.255371 0.006836 0.006836
0 0.520508 0.250000 0.003906 0.003906
0 0.406738 0.250977 0.004883 0.005859
0 0.391113 0.247070 0.004883 0.003906
0 0.598633 0.244629 0.003906 0.004883
0 0.610840 0.241699 0.004883 0.004883
0 0.412109 0.235352 0.003906 0.003906
0 0.664551 0.193359 0.004883 0.005859
1 0.377441 0.788086 0.012695 0.005859
1 0.729004 0.782715 0.014648 0.004883
1 0.354004 0.781250 0.016602 0.011719
1 0.617188 0.766113 0.013672 0.014648
1 0.631348 0.759277 0.008789 0.008789
1 0.403809 0.752930 0.020508 0.009766
1 0.342773 0.749023 0.015625 0.011719
1 0.642578 0.741699 0.007812 0.006836
1 0.749023 0.735352 0.007812 0.009766
1 0.697754 0.749023 0.040039 0.037109
1 0.731445 0.726562 0.013672 0.011719
1 0.565430 0.699707 0.035156 0.016602
1 0.508789 0.649414 0.007812 0.005859
1 0.133789 0.616211 0.009766 0.017578
1 0.224609 0.592285 0.015625 0.022461
1 0.543457 0.547852 0.018555 0.019531
1 0.273926 0.460449 0.020508 0.024414
1 0.715332 0.440430 0.018555 0.021484
1 0.634277 0.437988 0.040039 0.022461
1 0.603516 0.430664 0.011719 0.009766
1 0.630859 0.418457 0.021484 0.014648
1 0.661621 0.415527 0.010742 0.014648
1 0.560059 0.381836 0.008789 0.013672
1 0.229980 0.383789 0.016602 0.017578
1 0.752930 0.362793 0.011719 0.014648
1 0.641602 0.363770 0.019531 0.016602
1 0.767090 0.354004 0.008789 0.008789
1 0.788086 0.339355 0.009766 0.012695
1 0.645020 0.282227 0.016602 0.011719
1 0.505859 0.284668 0.042969 0.026367
1 0.582520 0.247070 0.018555 0.013672
1 0.503418 0.190918 0.012695 0.014648
2 0.751953 0.738770 0.009766 0.006836
2 0.683594 0.736328 0.005859 0.003906
2 0.746582 0.731934 0.008789 0.008789
2 0.334961 0.700684 0.005859 0.002930
2 0.165527 0.681152 0.010742 0.008789
2 0.513184 0.675293 0.004883 0.004883
2 0.380371 0.666016 0.006836 0.005859
2 0.176270 0.666016 0.004883 0.005859
2 0.389160 0.664062 0.004883 0.005859
2 0.573730 0.660645 0.010742 0.006836
2 0.544434 0.663574 0.008789 0.012695
2 0.388184 0.654785 0.004883 0.006836
2 0.527344 0.650391 0.009766 0.005859
2 0.414062 0.648926 0.011719 0.010742
2 0.397949 0.646973 0.016602 0.010742
2 0.529785 0.638184 0.006836 0.008789
2 0.414551 0.638184 0.006836 0.008789
2 0.483398 0.640625 0.013672 0.017578
2 0.403809 0.633301 0.010742 0.004883
2 0.574707 0.639648 0.020508 0.021484
2 0.519043 0.628906 0.004883 0.005859
2 0.499512 0.626465 0.008789 0.006836
2 0.485840 0.625000 0.012695 0.011719
2 0.617676 0.620605 0.002930 0.004883
2 0.597168 0.617676 0.004883 0.004883
2 0.525391 0.621094 0.005859 0.011719
2 0.612793 0.616211 0.004883 0.003906
2 0.581055 0.619629 0.011719 0.014648
2 0.566406 0.614746 0.007812 0.004883
2 0.580078 0.609863 0.003906 0.004883
2 0.590332 0.609863 0.006836 0.006836
2 0.328613 0.614258 0.020508 0.017578
2 0.481445 0.610352 0.007812 0.011719
2 0.468262 0.608398 0.008789 0.007812
2 0.610352 0.606445 0.007812 0.007812
2 0.390625 0.604492 0.009766 0.007812
2 0.694336 0.602051 0.005859 0.006836
2 0.090820 0.607910 0.011719 0.018555
2 0.586914 0.598633 0.009766 0.007812
2 0.460449 0.597656 0.004883 0.005859
2 0.341797 0.600586 0.011719 0.011719
2 0.455078 0.596191 0.003906 0.004883
2 0.471191 0.598145 0.014648 0.010742
2 0.447754 0.594727 0.004883 0.003906
2 0.670898 0.594238 0.003906 0.004883
2 0.110352 0.594238 0.009766 0.008789
2 0.594727 0.588867 0.003906 0.003906
2 0.086426 0.590820 0.006836 0.011719
2 0.333496 0.583984 0.004883 0.007812
2 0.473633 0.578125 0.009766 0.015625
2 0.643066 0.567871 0.004883 0.004883
2 0.309570 0.567871 0.003906 0.004883
2 0.085449 0.568359 0.006836 0.005859
2 0.631836 0.566406 0.007812 0.005859
2 0.523926 0.564453 0.004883 0.003906
2 0.578613 0.563477 0.004883 0.003906
2 0.296875 0.565430 0.009766 0.007812
2 0.364258 0.561523 0.005859 0.003906
2 0.349121 0.560547 0.004883 0.005859
2 0.306152 0.561035 0.006836 0.006836
2 0.276855 0.560547 0.006836 0.007812
2 0.295898 0.556641 0.003906 0.007812
2 0.718262 0.555664 0.006836 0.009766
2 0.668945 0.557617 0.019531 0.015625
2 0.364258 0.552246 0.003906 0.006836
2 0.281250 0.550293 0.005859 0.004883
2 0.461914 0.550293 0.005859 0.006836
2 0.457031 0.567383 0.031250 0.041016
2 0.661133 0.546875 0.003906 0.003906
2 0.320801 0.547852 0.004883 0.005859
2 0.272949 0.547363 0.004883 0.004883
2 0.600586 0.574707 0.039062 0.063477
2 0.432617 0.550293 0.015625 0.018555
2 0.343262 0.543945 0.004883 0.005859
2 0.457520 0.541504 0.008789 0.004883
2 0.076660 0.541992 0.004883 0.005859
2 0.633301 0.544922 0.016602 0.013672
2 0.586426 0.541016 0.008789 0.007812
2 0.295410 0.538574 0.006836 0.004883
2 0.616699 0.539062 0.010742 0.009766
2 0.755371 0.535645 0.004883 0.004883
2 0.098145 0.534668 0.004883 0.006836
2 0.739258 0.535645 0.005859 0.010742
2 0.693359 0.532715 0.005859 0.004883
2 0.642090 0.535156 0.012695 0.009766
2 0.648438 0.529297 0.003906 0.003906
2 0.266113 0.529785 0.006836 0.010742
2 0.615723 0.526367 0.004883 0.005859
2 0.731445 0.526367 0.009766 0.009766
2 0.374023 0.530762 0.017578 0.022461
2 0.606934 0.519043 0.004883 0.006836
2 0.077637 0.518555 0.004883 0.005859
2 0.281250 0.513184 0.003906 0.004883
2 0.663574 0.511230 0.002930 0.006836
2 0.638184 0.509766 0.004883 0.005859
2 0.654297 0.509277 0.009766 0.006836
2 0.588867 0.519043 0.025391 0.028320
2 0.567383 0.519531 0.033203 0.037109
2 0.247070 0.516113 0.027344 0.034180
2 0.662109 0.499512 0.003906 0.006836
2 0.704590 0.499512 0.010742 0.012695
2 0.605469 0.504395 0.007812 0.022461
2 0.369141 0.496094 0.005859 0.005859
2 0.282227 0.491211 0.003906 0.003906
2 0.739258 0.492188 0.005859 0.007812
2 0.304688 0.490723 0.005859 0.004883
2 0.586426 0.487305 0.008789 0.009766
2 0.716797 0.494629 0.017578 0.026367
2 0.653320 0.489746 0.019531 0.016602
2 0.242188 0.486816 0.005859 0.010742
2 0.678223 0.473145 0.006836 0.006836
2 0.612305 0.474121 0.013672 0.008789
2 0.733398 0.471680 0.003906 0.005859
2 0.745605 0.466797 0.008789 0.005859
2 0.689941 0.480469 0.043945 0.035156
2 0.228516 0.476074 0.021484 0.026367
2 0.215332 0.458496 0.008789 0.008789
2 0.229492 0.455566 0.009766 0.008789
2 0.207031 0.454102 0.003906 0.005859
2 0.227539 0.448242 0.003906 0.003906
2 0.616699 0.448242 0.008789 0.005859
2 0.747559 0.448730 0.008789 0.010742
2 0.595215 0.437500 0.004883 0.005859
2 0.224121 0.437988 0.012695 0.016602
2 0.729980 0.422852 0.004883 0.005859
2 0.738770 0.420898 0.012695 0.005859
2 0.405273 0.417480 0.003906 0.004883
2 0.224121 0.421387 0.016602 0.018555
2 0.708984 0.411621 0.005859 0.004883
2 0.740234 0.409668 0.009766 0.006836
2 0.679688 0.406250 0.003906 0.003906
2 0.727051 0.403809 0.004883 0.004883
2 0.752441 0.408691 0.010742 0.018555
2 0.714844 0.396484 0.003906 0.003906
2 0.400391 0.397949 0.011719 0.012695
2 0.759277 0.394531 0.008789 0.007812
2 0.373047 0.394531 0.005859 0.007812
2 0.383789 0.392090 0.007812 0.006836
2 0.698242 0.391113 0.005859 0.008789
2 0.372070 0.386719 0.005859 0.005859
2 0.604980 0.386719 0.010742 0.011719
2 0.354980 0.382324 0.004883 0.004883
2 0.237793 0.398438 0.040039 0.037109
2 0.335938 0.380859 0.005859 0.003906
2 0.410645 0.382812 0.008789 0.013672
2 0.396973 0.380859 0.010742 0.009766
2 0.423828 0.375977 0.007812 0.009766
2 0.344727 0.372070 0.009766 0.007812
2 0.341797 0.365234 0.003906 0.003906
2 0.283203 0.365234 0.003906 0.003906
2 0.592285 0.368652 0.008789 0.012695
2 0.706543 0.374023 0.022461 0.027344
2 0.696777 0.364258 0.006836 0.007812
2 0.772949 0.361816 0.004883 0.006836
2 0.455078 0.364258 0.009766 0.011719
2 0.295410 0.358887 0.004883 0.006836
2 0.282227 0.358887 0.005859 0.006836
2 0.311035 0.359375 0.014648 0.009766
2 0.265625 0.363770 0.027344 0.018555
2 0.406738 0.355469 0.004883 0.003906
2 0.701660 0.354980 0.006836 0.004883
2 0.710938 0.354492 0.005859 0.005859
2 0.690430 0.353027 0.007812 0.008789
2 0.503418 0.351562 0.008789 0.005859
2 0.364746 0.356445 0.032227 0.017578
2 0.555664 0.349121 0.003906 0.004883
2 0.674316 0.350098 0.006836 0.008789
2 0.312988 0.347656 0.004883 0.005859
2 0.720703 0.348633 0.009766 0.011719
2 0.683105 0.346191 0.008789 0.006836
2 0.755371 0.345215 0.006836 0.006836
2 0.741211 0.346191 0.019531 0.008789
2 0.323730 0.346680 0.010742 0.009766
2 0.447754 0.342773 0.006836 0.003906
2 0.288086 0.346680 0.023438 0.011719
2 0.279785 0.342773 0.006836 0.003906
2 0.473633 0.343750 0.007812 0.009766
2 0.708496 0.343750 0.016602 0.011719
2 0.563965 0.340820 0.004883 0.005859
2 0.361328 0.342285 0.025391 0.008789
2 0.558594 0.339355 0.003906 0.004883
2 0.535156 0.336914 0.003906 0.003906
2 0.404297 0.343750 0.013672 0.017578
2 0.725586 0.334473 0.005859 0.004883
2 0.692871 0.335938 0.004883 0.007812
2 0.570312 0.335938 0.007812 0.007812
2 0.471680 0.431641 0.189453 0.203125
2 0.376953 0.331543 0.007812 0.002930
2 0.614746 0.332520 0.004883 0.006836
2 0.644043 0.331055 0.006836 0.007812
2 0.751465 0.330078 0.010742 0.007812
2 0.562012 0.330078 0.006836 0.007812
2 0.412109 0.328125 0.003906 0.003906
2 0.622070 0.329590 0.003906 0.008789
2 0.506836 0.326660 0.007812 0.004883
2 0.391602 0.331055 0.013672 0.013672
2 0.422363 0.329590 0.014648 0.012695
2 0.606445 0.324219 0.003906 0.003906
2 0.726562 0.325195 0.007812 0.007812
2 0.319336 0.326172 0.009766 0.011719
2 0.303711 0.331055 0.011719 0.025391
2 0.245605 0.323242 0.008789 0.009766
2 0.379395 0.322754 0.020508 0.010742
2 0.349609 0.328613 0.027344 0.026367
2 0.780762 0.314453 0.010742 0.003906
2 0.413086 0.312012 0.003906 0.004883
2 0.314453 0.312012 0.005859 0.006836
2 0.383301 0.309082 0.004883 0.004883
2 0.576660 0.308594 0.008789 0.005859
2 0.504395 0.307617 0.004883 0.003906
2 0.287598 0.309570 0.006836 0.007812
2 0.763672 0.313965 0.021484 0.020508
2 0.731934 0.311035 0.006836 0.014648
2 0.269531 0.319336 0.029297 0.037109
2 0.778320 0.300781 0.003906 0.003906
2 0.596680 0.315918 0.046875 0.041992
2 0.747559 0.299316 0.012695 0.014648
2 0.733887 0.294434 0.004883 0.004883
2 0.474121 0.316895 0.045898 0.049805
2 0.476074 0.289551 0.004883 0.004883
2 0.718750 0.287109 0.009766 0.007812
2 0.330078 0.282715 0.019531 0.012695
2 0.769043 0.279297 0.002930 0.007812
2 0.549316 0.276855 0.004883 0.004883
2 0.397949 0.277344 0.004883 0.005859
2 0.715332 0.274902 0.008789 0.008789
2 0.746582 0.276855 0.016602 0.014648
2 0.312988 0.270508 0.004883 0.005859
2 0.353516 0.270020 0.007812 0.006836
2 0.731445 0.277344 0.015625 0.023438
2 0.714355 0.267090 0.006836 0.006836
2 0.705566 0.267090 0.004883 0.006836
2 0.550781 0.266113 0.005859 0.004883
2 0.519043 0.266602 0.004883 0.005859
2 0.569336 0.266602 0.003906 0.007812
2 0.338867 0.268555 0.011719 0.013672
2 0.290527 0.267578 0.014648 0.011719
2 0.563477 0.261719 0.003906 0.003906
2 0.334961 0.259766 0.003906 0.005859
2 0.317871 0.261230 0.008789 0.008789
2 0.738770 0.256836 0.004883 0.003906
2 0.426758 0.264160 0.013672 0.018555
2 0.729492 0.259277 0.007812 0.012695
2 0.345703 0.254883 0.003906 0.003906
2 0.339844 0.249512 0.005859 0.002930
2 0.721191 0.248535 0.004883 0.004883
2 0.178223 0.246094 0.004883 0.003906
2 0.356934 0.245605 0.006836 0.004883
2 0.325684 0.247559 0.010742 0.010742
2 0.500488 0.248535 0.018555 0.014648
2 0.470215 0.257812 0.036133 0.033203
2 0.373047 0.245605 0.011719 0.008789
2 0.452637 0.241699 0.004883 0.004883
2 0.462402 0.234863 0.004883 0.004883
2 0.515625 0.236328 0.011719 0.013672
2 0.333984 0.233398 0.009766 0.007812
2 0.708496 0.228516 0.006836 0.009766
2 0.458008 0.223633 0.003906 0.005859
2 0.442871 0.228027 0.014648 0.016602
2 0.344238 0.229492 0.016602 0.021484
2 0.487305 0.229004 0.023438 0.022461
2 0.505371 0.221680 0.008789 0.009766
2 0.539062 0.216309 0.003906 0.004883
2 0.428223 0.217773 0.012695 0.011719
2 0.410156 0.216309 0.011719 0.012695
2 0.375000 0.225586 0.046875 0.031250
2 0.398926 0.211426 0.006836 0.006836
2 0.345703 0.210449 0.015625 0.008789
2 0.332520 0.206055 0.004883 0.005859
2 0.354004 0.203613 0.004883 0.004883
2 0.373047 0.203125 0.009766 0.009766
2 0.475586 0.199707 0.003906 0.004883
2 0.422852 0.201172 0.015625 0.007812
2 0.403809 0.200684 0.008789 0.006836
2 0.486328 0.196777 0.005859 0.006836
2 0.394531 0.199219 0.005859 0.011719
2 0.436523 0.195801 0.003906 0.006836
2 0.412109 0.196777 0.003906 0.012695
2 0.384766 0.191895 0.005859 0.006836
2 0.455078 0.197754 0.027344 0.024414
2 0.474609 0.182129 0.003906 0.004883
2 0.433594 0.183594 0.007812 0.007812
2 0.330566 0.182617 0.004883 0.007812
4 0.131836 0.390625 0.117188 0.136719